# callgrind format
version: 1
creator: callgrind-3.16.1
pid: 1816
cmd:  ./a.out
part: 1


desc: I1 cache: 
desc: D1 cache: 
desc: LL cache: 

desc: Timerange: Basic block 0 - 103525381
desc: Trigger: Program termination

positions: line
events: Ir
summary: 889235259


ob=(4) /usr/lib/x86_64-linux-gnu/libm-2.31.so
fl=(150) ./math/../sysdeps/ieee754/flt-32/s_roundf.c
fn=(614) roundf
38 3600
-8 3600
+8 10800
+1 7200
+2 7200
+8 6696
+1 6696
+4 2160
+1 2160
-1 4320
+1 2160
+12 2160
+3 3348
-27 504
+2 1008
+22 252
+3 252

fl=(152) ./math/../sysdeps/ieee754/dbl-64/e_pow.c
fn=(632) __ieee754_pow_sse2
45 80518
283 40259
45 40259
fi=(153) ./math/../sysdeps/ieee754/dbl-64/math_config.h
+22 80518
fe=(152)
-22 40259
292 40259
45 40259
292 80518
62 29789
+5 29789
-2 29789
fi=(153)
+14 29789
fe=(152)
-17 29789
fi=(153)
+17 29789
fe=(152)
+16 29789
+17 29789
-49 29789
+2 29789
-1 29789
+24 29789
-25 29789
+4 29789
-2 29789
+47 29789
-42 59578
+11 29789
-11 89367
+10 29789
-9 29789
+17 29789
-8 29789
-9 29789
fi=(153)
+8 29789
fe=(152)
+3 29789
+6 29789
+2 29789
fi=(153)
-11 29789
fe=(152)
+2 29789
+1 29789
+8 29789
-8 29789
+1 29789
+1 59578
+11 29789
+1 29789
-7 29789
+6 29789
-6 29789
+23 59578
-8 29789
+8 29789
-21 29789
+15 29789
+6 29789
-16 29789
+9 29789
+2 29789
+5 29789
-5 29789
-1 29789
+6 29789
-4 29789
fi=(153)
-29 29789
fe=(152)
+33 59578
-4 29789
+4 59578
-15 29789
-6 29789
+21 29789
+1 29789
-1 29789
+2 29789
-1 29789
-2 29789
+2 59578
+1 29789
+1 29789
fi=(153)
-36 89367
fe=(152)
376 29789
-1 29789
115 29789
376 29789
-1 29789
45 29789
fi=(153)
+22 29789
fe=(152)
377 29789
-4 29789
45 29789
193 29789
+1 29789
377 59578
194 59578
299 40259
-26 80518
+26 80518
-26 59578
+41 59578
-30 29789
+45 59578
+11 148945
197 59578
356 59578
-99 59578
+1 59578
+2 59578
+2 208523
+2 59578
+72 59578
+2 29789
-1 29789
+1 59578
201 59578
+1 94772
380 22662
-79 20940
fi=(153)
88 10470
fe=(152)
302 20940
fi=(153)
88 10470
fe=(152)
302 20940

fl=(107) ???
fn=(756) 0x000000000000d280
0 8
cob=(2) ???
cfi=(17) ???
cfn=(762) 0x00000000048501f0
calls=1 0 
0 75
0 1
cfn=(766) 0x000000000000d210
calls=1 0 
0 5
0 3

fn=(406) 0x000000000000d2c0
0 11

fn=(766)
0 5

fl=(97) ./math/../sysdeps/x86_64/fpu/multiarch/ifunc-fma4.h
fn=(346) __acos_finite@GLIBC_2.15
32 5
-1 2
+4 5

fn=(350) __asin_finite@GLIBC_2.15
32 5
-1 2
+4 4
fi=(168) ./math/../sysdeps/x86_64/fpu/multiarch/e_asin.c
-8 1
fe=(97)

fn=(340) __pow_finite@GLIBC_2.15
32 5
-1 2
+4 4
fi=(169) ./math/../sysdeps/x86_64/fpu/multiarch/e_pow.c
-8 1
fe=(97)

fl=(95) ./math/../sysdeps/x86_64/fpu/multiarch/ifunc-fma.h
fn=(348) sinf
30 1
-1 1
+1 2
-1 3
fi=(170) ./math/../sysdeps/x86_64/fpu/multiarch/s_sinf.c
-3 1
fe=(95)

fn=(334) logf@@GLIBC_2.27
30 1
-1 1
+1 2
-1 3
fi=(171) ./math/../sysdeps/x86_64/fpu/multiarch/e_logf.c
-2 1
fe=(95)

fn=(352) exp2f@@GLIBC_2.27
30 1
-1 1
+1 2
-1 3
fi=(172) ./math/../sysdeps/x86_64/fpu/multiarch/e_exp2f.c
-2 1
fe=(95)

fn=(330) expf@@GLIBC_2.27
30 1
-1 1
+1 2
-1 3
fi=(173) ./math/../sysdeps/x86_64/fpu/multiarch/e_expf.c
-2 1
fe=(95)

fn=(342) log2f@@GLIBC_2.27
30 1
-1 1
+1 2
-1 3
fi=(174) ./math/../sysdeps/x86_64/fpu/multiarch/e_log2f.c
-2 1
fe=(95)

fn=(326) cosf
30 1
-1 1
+1 2
-1 3
fi=(175) ./math/../sysdeps/x86_64/fpu/multiarch/s_cosf.c
-3 1
fe=(95)

fn=(336) sincosf
30 1
-1 1
+1 2
-1 3
fi=(176) ./math/../sysdeps/x86_64/fpu/multiarch/s_sincosf.c
-3 1
fe=(95)

fn=(338) powf@@GLIBC_2.27
30 1
-1 1
+1 2
-1 3
fi=(177) ./math/../sysdeps/x86_64/fpu/multiarch/e_powf.c
+1 1
fe=(95)

fl=(151) ./math/./w_pow_template.c
fn=(628) pow@@GLIBC_2.29
31 40259
+1 120777
cfi=(152)
cfn=(632)
calls=40259 +13 
* 4866853
* 40259
+1 322072
+12 120777
+4 80518
-4 40259

fl=(96) ./math/../sysdeps/x86_64/fpu/multiarch/ifunc-avx-fma4.h
fn=(356) sin
33 5
-1 2
+4 3
+3 4
fi=(178) ./math/../sysdeps/x86_64/fpu/multiarch/s_sin.c
-12 1
fe=(96)

fn=(328) __exp_finite@GLIBC_2.15
33 5
-1 2
+4 3
+3 4
fi=(179) ./math/../sysdeps/x86_64/fpu/multiarch/e_exp.c
-12 1
fe=(96)

fn=(354) __atan2_finite@GLIBC_2.15
33 5
-1 2
+4 3
+3 4
fi=(180) ./math/../sysdeps/x86_64/fpu/multiarch/e_atan2.c
-13 1
fe=(96)

fn=(332) cos
33 5
-1 2
+4 3
+3 4
fi=(178)
-5 1
fe=(96)

fn=(344) __log_finite@GLIBC_2.15
33 5
-1 2
+4 3
+3 4
fi=(181) ./math/../sysdeps/x86_64/fpu/multiarch/e_log.c
-12 1
fe=(96)

ob=(6) /home/devdias93/ED/TP6/a.out
fl=(149) /usr/include/c++/10/cmath
fn=(622) __gnu_cxx::__promote_2<int, int, __gnu_cxx::__promote<int, std::__is_integer<int>::__value>::__type, __gnu_cxx::__promote<int, std::__is_integer<int>::__value>::__type>::__type std::pow<int, int>(int, int)
415 201295
+3 322072
cob=(4)
cfi=(151)
cfn=(628)
calls=40258 31 
* 5631601
cob=(1) /usr/lib/x86_64-linux-gnu/ld-2.31.so
cfi=(116) ./elf/../sysdeps/x86_64/dl-trampoline.h
cfn=(452) _dl_runtime_resolve_fxsave
calls=1 72 
* 788
* 40263
* 40259
+1 120777

fn=(608) std::round(float)
1757 25200
cob=(4)
cfi=(150)
cfn=(614)
calls=3599 38 
* 64096
cob=(1)
cfi=(116)
cfn=(452)
calls=1 72 
* 696
* 3604
* 7200

fl=(143) /home/devdias93/ED/TP6/passeio.h
fn=(616) ride(int, int, int)
83 18
+1 9
+5 6
+18 15
cfn=(618) bestMove(int, int)
calls=3 +37 
* 8182
* 3
+2 6
+11 63
+1 51
+1 57
+2 9
+2 18
cfn=(620) qualCasa(int, int, int)
calls=3 +60 
* 796
* 3
+1 18
cfn=(620)
calls=3 +59 
* 796
* 6
+2 33
+1 33
+1 33
+2 9
+2 18
+3 18
cfn=(617) ride(int, int, int)'2
calls=3 -55 
* 881604045
+1 3
+1 6

fn=(617)
83 82908
+1 41454
+5 103380
+2 217536
+1 4350720
+1 8157600
cfn=(602) updateKnightMoves(int, int, int)
calls=1359600 214 
* 848387606
-1 2719200
-1 135960
+7 64581
+1 571032
+1 112846
+1 139398
-3 54384
+6 71379
+3 16995
cfn=(618)
calls=3399 +37 
* 2154956
* 52095
cfn=(618)
calls=10419 +37 
* 9190127
* 13818
+2 27636
+2 18936
+1 18936
+1 63120
+2 151488
cfn=(617)
calls=6312 -32 
* 2782543625177
+2 6312
+3 157626
+1 127602
+1 142614
+2 22518
+2 45036
cfn=(620)
calls=7506 +60 
* 1860640
* 7506
+1 45036
cfn=(620)
calls=7506 +59 
* 1860640
* 15012
+2 82566
+1 82566
+1 82566
+2 22518
+2 45036
+3 45018
cfn=(617)
calls=7503 -55 
* 3123698474705
+1 7503
-3 3
+4 27636

fn=(618)
144 82926
+1 214032
+1 138468
-1 2282
+1 55026
+2 138468
-2 2282
+2 27384
+1 12624
+3 142671
+1 1081296
+2 1141368
+3 88686
cfn=(620)
calls=14781 +28 
* 3646162
* 14781
+1 29562
+1 29562
+2 177372
+3 280839
+1 310401
+1 266058
+2 561678
+1 129906
+1 21651
+1 287432
+1 31380
cfn=(620)
calls=5230 +13 
* 971022
* 36610
cfn=(620)
calls=5230 +13 
* 971022
* 52300
+1 57530
+2 15690
+1 64368
+1 10728
-22 90582
-4 120144
+30 7509
+1 41463

fn=(620)
186 241554
+5 80518
+1 201144
+1 377145
cfi=(149)
cfn=(622)
calls=25143 415 
* 3462489
* 100572
+1 30232
+1 120928
+1 226740
cfi=(149)
cfn=(622)
calls=15116 415 
* 2894566
* 45348
+4 60464
+1 60464
+2 45348
-3 100572
+1 100572
+2 1001386
+1 80518
+7 80518

fn=(700) limpa()
251 6
+1 192
+1 3840
+1 12000
+1 1200
+1 24000
+1 561600
+1 10800
-2 10800
-3 2400
-1 120
+10 9

fn=(600) setup()
264 9
+1 15
+1 3
+2 192
+1 3840
+1 12000
+1 7200
cfn=(602)
calls=1200 -57 
* 5559012
+1 1200
+1 24000
+1 194400
+1 10800
-2 10800
-4 2400
-1 120
+11 6
cfn=(604) setMarginalidade(int)
calls=3 +10 
* 198695
+1 9

fn=(602)
214 8164800
+1 1360800
+1 1360800
+3 17690400
+1 13608000
+1 70761600
+2 5443200
+2 114035040
+1 74462976
+1 141140
+1 1693680
cfn=(603) updateKnightMoves(int, int, int)'2
calls=141140 -14 
* 79515552
* 2540520
+1 2951948
+2 76717532
+4 4512796
+2 22563980
-2 930404
+2 84149956
+1 69809040
+1 141140
+1 1552540
cfn=(603)
calls=141140 -26 
* 79095978
* 2540520
+1 2951948
+2 81230328
-23 1360800
-1 13608000
+28 14968800
+1 1360800
+1 2721600

fn=(603)
214 1693680
+1 282280
+1 282280
+3 3669640
+1 2822800
+1 14678560
+2 1129120
+2 24818968
+1 18017344
+1 292204
+1 584408
+1 5757724
+2 14175960
+4 833880
+2 4169400
-2 295240
+2 19513068
+1 16891260
+1 292204
+1 584408
+1 5760262
+2 15009840
-23 282280
-1 2822800
+28 3105080
+1 282280
+1 564560

fn=(604)
289 12
+1 6
+1 192
+1 3840
+1 6000
cfn=(606) marginalidade(int, int)
calls=1200 -11 
* 171596
* 12000
+1 2400
-2 2400
+4 120
-5 120
+7 9

fn=(564) passeio(int, int)
58 15
+2 9
cob=(3) /usr/lib/x86_64-linux-gnu/libc-2.31.so
cfi=(144) ./libio/iofopen.c
cfn=(570) fopen@@GLIBC_2.2.5
calls=2 +26 
* 922
cob=(1)
cfi=(116)
cfn=(452)
calls=1 +12 
* 1284
* 7
* 3
+3 3
+1 3
+3 3
cfn=(600)
calls=3 264 
* 6024701
+3 42
+2 18
cfn=(616)
calls=3 +11 
* 881614254
+1 9
cfn=(636) flushRide(_IO_FILE*)
calls=3 339 
* 739925
+4 9
cob=(3)
cfi=(158) ./libio/iofclose.c
cfn=(664) fclose@@GLIBC_2.2.5
calls=2 -43 
* 1248
cob=(1)
cfi=(116)
cfn=(452)
calls=1 -5 
* 1348
* 7
+2 3
cfn=(700)
calls=3 251 
* 626967
+1 9

fn=(606)
282 6000
+1 9600
+1 20400
cfi=(149)
cfn=(608)
calls=1200 1757 
* 36320
* 21600
cfi=(149)
cfn=(608)
calls=1200 1757 
* 35640
* 6000
cfi=(149)
cfn=(608)
calls=1200 1757 
* 28836
* 2400
+1 2400
+1 2400

fn=(636)
339 12
+1 192
+1 3840
+1 18000
cob=(3)
cfi=(154) ./stdio-common/fprintf.c
cfn=(642) fprintf
calls=1199 27 
* 707282
cob=(1)
cfi=(116)
cfn=(452)
calls=1 72 
* 1728
* 1204
-1 2400
+3 240
cob=(3)
cfi=(157) ./libio/fputc.c
cfn=(658) fputc
calls=59 32 
* 1121
cob=(1)
cfi=(116)
cfn=(452)
calls=1 72 
* 715
* 64
-4 120
+6 21
cob=(3)
cfi=(154)
cfn=(642)
calls=3 27 
* 2974
* 3
+1 9

fl=(108) ???
fn=(414) _start
0 11
cob=(3)
cfi=(109) ./csu/../csu/libc-start.c
cfn=(416) (below main)
calls=1 137 
0 889095170

fn=(426) __libc_csu_init
0 14
cob=(2)
cfi=(17)
cfn=(428) 0x0000000000109000
calls=1 0 
0 6
0 8
cfn=(432) 0x00000000000011c0
calls=1 0 
0 11
0 11

fn=(712) 0x0000000000001180
0 8
cob=(2)
cfi=(17)
cfn=(718) 0x00000000001090d0
calls=1 0 
0 75
0 1
cfn=(730) 0x0000000000001110
calls=1 0 
0 5
0 3

fn=(432)
0 11

fn=(730)
0 5

fl=(115) /home/devdias93/ED/TP6/main.c
fn=(444) main
5 3
+1 1
+1 8
+1 6
+1 9
cob=(3)
cfi=(118) ./stdio-common/printf.c
cfn=(458) printf
calls=2 +19 
* 744
cob=(1)
cfi=(116)
cfn=(452)
calls=1 +63 
* 77381
* 7
+1 18
cob=(3)
cfi=(137) ./stdio-common/isoc99_scanf.c
cfn=(536) __isoc99_scanf
calls=2 +15 
* 2084
cob=(1)
cfi=(116)
cfn=(452)
calls=1 +62 
* 2146
* 7
+1 15
cfi=(143)
cfn=(564)
calls=3 +47 
* 889010789
+1 3
-5 3
+7 1
+1 2

ob=(5) /usr/lib/x86_64-linux-gnu/valgrind/vgpreload_core-amd64-linux.so
fl=(99) ???
fn=(748) 0x0000000000001050
0 5

fn=(376) 0x0000000000001100
0 11

fn=(738) 0x00000000000010c0
0 8
cob=(2)
cfi=(17)
cfn=(744) 0x000000000482e040
calls=1 0 
0 75
0 1
cfn=(748)
calls=1 0 
0 5
0 3

ob=(3)
fl=(69) ./string/../sysdeps/x86_64/multiarch/ifunc-memcmp.h
fn=(238) bcmp
34 2
+1 1
-1 2
+15 3
fi=(70) ./string/../sysdeps/x86_64/multiarch/memcmp.c
-20 1
fe=(69)

fl=(134) ./misc/sbrk.c
fn=(518) sbrk
32 4
+8 2
-8 4
+8 9
+4 4
+4 4
+12 5
-19 2
cfi=(135) ./misc/../sysdeps/unix/sysv/linux/x86_64/brk.c
cfn=(520) brk
calls=1 -10 
* 10
* 2
+4 2
+11 1
cfi=(135)
cfn=(520)
calls=1 -25 
* 10
* 2
+4 5

fl=(101) ./misc/init-misc.c
fn=(384) __init_misc
31 2
-1 4
+1 3
+2 3
cfi=(102) ./string/../sysdeps/x86_64/multiarch/../strrchr.S
cfn=(388) __strrchr_sse2
calls=1 -9 
* 24
* 1
+4 5
+1 3
+2 4

fl=(130) ./elf/dl-addr.c
fn=(492) _dl_addr
126 2
+2 1
-2 8
+5 1
-5 1
+5 2
cob=(1)
cfi=(2) ./elf/rtld.c
cfn=(52) rtld_lock_default_lock_recursive
calls=1 841 
* 2
+2 2
cob=(1)
cfi=(116)
cfn=(453) _dl_runtime_resolve_fxsave'2
calls=1 -61 
* 945
* 5
+2 3
30 1
+1 1
-1 1
+1 1
+3 2
+5 1
+6 1
-7 1
+2 3
+2 3
+3 2
+4 5
-5 4
+5 4043
+2 1010
+1 2020
-1 1
+1 2
+2 2757
+10 9308
+1 14980
+5 7074
-10 7074
+1 14148
+2 7043
+37 2
+1 1
+1 3
+3 2
+36 2
cob=(1)
cfi=(2)
cfn=(54) rtld_lock_default_unlock_recursive
calls=1 847 
* 2
+3 9
-79 2016
+52 1
+21 1
-20 2

fl=(125) ./libio/filedoalloc.c
fn=(476) _IO_file_doallocate
78 40
+6 20
fi=(136) ./libio/libioP.h
941 15
+2 10
+1 10
fe=(125)
84 15
cfi=(123) ./libio/fileops.c
cfn=(478) _IO_file_stat
calls=5 1147 
* 70
* 10
+2 20
+11 20
+4 10
cob=(2)
cfi=(17)
cfn=(482) 0x00000000049a9308
calls=5 0 
* 75756
* 5
+1 10
+2 20
cfi=(124) ./libio/genops.c
cfn=(524) _IO_setb
calls=5 329 
* 135
+1 5
+1 40
-15 1
fi=(182) ./libio/../include/sys/sysmacros.h
-44 6
fe=(125)
+44 1
-2 2
+5 2

fl=(123)
fn=(590) _IO_file_seek
1141 8
cfi=(147) ./io/../sysdeps/unix/sysv/linux/lseek64.c
cfn=(592) lseek
calls=4 36 
* 20

fn=(696) _IO_file_finish@@GLIBC_2.2.5
169 12
+1 6
+7 3
-1 6
+1 6
-1 3
cfi=(124)
cfn=(698) _IO_default_finish
calls=3 601 
* 45

fn=(788) _IO_file_setbuf@@GLIBC_2.2.5
382 4
+1 2
cfi=(124)
cfn=(790) _IO_default_setbuf
calls=2 +69 
* 156
* 4
+4 4
-1 4
+2 6
+2 2
+1 4

fn=(676) new_do_write
432 4
fi=(136)
943 4
fe=(123)
432 8
fi=(136)
941 4
fe=(123)
432 4
fi=(136)
941 4
fe=(123)
432 4
fi=(136)
941 4
fe=(123)
432 20
+12 4
fi=(136)
943 8
fe=(123)
434 8
+6 3
fi=(136)
944 8
fe=(123)
449 16
cfn=(678) _IO_file_write@@GLIBC_2.2.5
calls=4 1174 
* 176
+1 4
-1 4
+1 16
+2 4
+4 4
-4 12
+1 8
+3 11
-2 3
+4 27
-4 1
+4 9
-17 4
+14 11

fn=(472) _IO_file_overflow@@GLIBC_2.2.5
732 112
+1 84
+7 160
+37 24
-2 54
+3 46
+3 69
+1 69
+1 92
+4 23
+1 92
-45 8
+12 8
+9 12
+5 12
+2 8
-5 4
+5 4
+1 4
-5 4
+1 4
+4 16
+1 1
+2 2
+2 5
+11 5
-12 5
+12 10
-11 5
-1 5
cfn=(526) _IO_do_write@@GLIBC_2.2.5
calls=5 426 
* 127
-31 8
cfi=(124)
cfn=(474) _IO_doallocbuf
calls=4 344 
* 76043
+1 4
+9 4
-9 16

fn=(526)
426 20
+1 4
-3 8
+2 4
cfn=(676)
calls=4 +6 
* 397
* 4
+1 4
-1 12
+1 4

fn=(546) _IO_file_underflow@@GLIBC_2.2.5
466 3
-4 8
+7 2
+6 3
+3 2
fi=(136)
885 2
+56 1
+2 1
-2 1
fe=(123)
506 2
cfi=(124)
cfn=(550) _IO_switch_to_get_mode
calls=1 164 
* 24
+11 1
-5 1
fi=(136)
943 1
fe=(123)
512 1
fi=(136)
943 1
fe=(123)
512 1
+1 1
+2 1
-1 2
fi=(136)
944 2
fe=(123)
517 4
cfn=(552) _IO_file_read
calls=1 1132 
* 12
+2 2
+16 1
-9 1
+9 2
+2 2
+1 8
-57 3
+5 2
cfi=(124)
cfn=(474)
calls=1 344 
* 305
+4 4

fn=(586) _IO_file_open
183 3
+3 3
-3 21
+2 6
+4 3
cfi=(146) ./io/../sysdeps/unix/sysv/linux/open64.c
cfn=(588) open
calls=3 37 
* 108
* 3
+1 6
+3 6
+3 3
-4 3
+1 12
+3 6
+3 3
fi=(136)
941 9
+2 6
+1 6
fe=(123)
199 12
cfn=(590)
calls=3 1141 
* 21
+1 6
+6 6
cfi=(124)
cfn=(580) _IO_link_in
calls=3 87 
* 51
+1 3
+1 12

fn=(578) _IO_new_file_init_internal
112 3
-5 6
+4 3
+3 3
cfi=(124)
cfn=(580)
calls=3 -27 
* 249
+1 3
+1 6

fn=(792) _IO_file_sync@@GLIBC_2.2.5
793 8
+5 8
+2 2
+1 4
+2 1
fi=(136)
941 3
+2 2
+1 2
fe=(123)
803 3
cfn=(590)
calls=1 1141 
* 7
+1 2
+1 2
+7 2
+4 4
-4 2
+4 4

fn=(674) _IO_file_close_it@@GLIBC_2.2.5
129 9
+2 9
+4 6
+3 3
-3 3
-1 6
+6 3
+3 3
-3 3
cfi=(124)
cfn=(682) _IO_unsave_markers
calls=3 960 
* 27
+3 9
fi=(136)
941 9
+2 6
+1 6
fe=(123)
143 6
cfn=(684) _IO_file_close
calls=3 1168 
* 21
* 3
+3 9
+8 15
cfi=(124)
cfn=(524)
calls=3 329 
* 468
+1 3
+3 3
-3 6
+1 9
+2 3
cfi=(124)
cfn=(666) _IO_un_link
calls=3 54 
* 9
+5 3
-4 3
+1 3
+3 3
-2 3
+3 15
-28 21
cfn=(526)
calls=3 426 
* 330
* 6

fn=(478)
1147 5
+1 15
cfi=(126) ./io/../sysdeps/unix/sysv/linux/wordsize-64/fxstat.c
cfn=(480) _fxstat
calls=5 33 
* 50

fn=(552)
1132 1
+2 1
-1 1
+1 2
cfi=(139) ./io/../sysdeps/unix/sysv/linux/read.c
cfn=(554) read
calls=1 26 
* 7

fn=(470) _IO_file_xsputn@@GLIBC_2.2.5
1198 10854
+7 3618
-7 14472
+6 12066
+9 4830
-2 9660
+17 7239
+1 2409
+3 2409
-3 2409
+3 4818
+2 2411
+2 2411
+2 7233
-2 2411
cfi=(156) ./string/../sysdeps/x86_64/multiarch/memmove-vec-unaligned-erms.S
cfn=(648) __mempcpy_sse2_unaligned
calls=2411 130 
* 37332
* 2411
+1 2411
+1 2411
-2 2411
+4 4822
+27 4822
+1 32562
-55 2
+4 2
-4 2
+1 4
+18 4
+12 4
fi=(136)
941 12
+2 8
+1 8
fe=(123)
1244 12
cfn=(472)
calls=4 732 
* 76256
* 8
+6 8
+1 28
+2 8
+11 12
+1 16
cfi=(124)
cfn=(528) _IO_default_xsputn
calls=4 371 
* 1395
+2 12
-48 138
-2 100

fn=(584) _IO_file_fopen@@GLIBC_2.2.5
214 30
+9 6
+2 27
357 36
225 3
+13 6
+10 24
+33 15
cfn=(586)
calls=3 -98 
* 318
* 3
+3 6
+3 9
cfi=(148) ./string/../string/strstr.c
cfn=(594) __GI_strstr
calls=3 77 
* 171
* 3
+1 6
-49 3
-2 3
+1 6

fn=(678)
1174 24
+2 24
+5 4
cfi=(159) ./io/../sysdeps/unix/sysv/linux/write.c
cfn=(680) write
calls=4 26 
* 32
+1 8
+5 4
+1 4
-12 8
+4 12
+1 8
+10 12
+3 24
-4 12

fn=(684)
1168 6
cfi=(160) ./io/../sysdeps/unix/sysv/linux/close_nocancel.c
cfn=(686) __close_nocancel
calls=3 26 
* 15

fl=(112) ./setjmp/../sysdeps/x86_64/bsd-_setjmp.S
fn=(438) _setjmp
30 1
+2 1
cfi=(113) ./setjmp/../sysdeps/x86_64/setjmp.S
cfn=(440) __sigsetjmp
calls=1 * 
* 26

fl=(135)
fn=(520)
31 12
+2 4
+6 2
+1 2

fl=(66) ./wcsmbs/../sysdeps/x86_64/multiarch/ifunc-avx2.h
fn=(248) wcschr
32 10
fi=(74) ./wcsmbs/../sysdeps/x86_64/multiarch/wcschr.c
-1 4
fe=(66)

fn=(228) wmemchr
32 10
fi=(67) ./wcsmbs/../sysdeps/x86_64/multiarch/wmemchr.c
-1 4
fe=(66)

fn=(232) wcscmp
32 5
fi=(68) ./wcsmbs/../sysdeps/x86_64/multiarch/wcscmp.c
-2 2
fe=(66)

fl=(82) ./wcsmbs/../sysdeps/x86_64/multiarch/wcscpy.c
fn=(274) wcscpy
37 5
+6 1

fl=(126)
fn=(480)
33 15
+1 10
+1 20
+4 5

fl=(142) ./stdlib/../stdlib/strtol_l.c
fn=(562) ____strtol_l_internal
226 12
+54 6
-54 24
+19 6
-19 24
+26 12
+31 24
+9 36
+2 12
+5 12
+5 6
-6 6
+7 18
+3 18
+10 12
+10 24
-82 12
434 24
310 6
450 6
+10 18
-10 6
+10 6
+12 12
-5 8
+5 8
+1 24
-41 16
+2 20
+2 24
+28 24
+3 16
+11 12
+5 18
+1 6
+5 12
325 12
492 18
-2 12
+17 30
+18 48

fl=(80) ./wcsmbs/../sysdeps/x86_64/multiarch/ifunc-wmemset.h
fn=(270) wmemset
34 10
-1 4
fi=(81) ./wcsmbs/../sysdeps/x86_64/multiarch/wmemset.c
-2 2
fe=(80)

fl=(58) ./string/../sysdeps/x86_64/multiarch/ifunc-strcpy.h
fn=(300) stpncpy
37 4
-1 2
+10 1
+4 3
fi=(88) ./string/../sysdeps/x86_64/multiarch/stpncpy.c
-19 1
fe=(58)

fn=(216) strcat
37 4
-1 2
+10 1
+4 3
fi=(62) ./string/../sysdeps/x86_64/multiarch/strcat.c
-21 1
fe=(58)

fn=(208) strncpy
37 4
-1 2
+10 1
+4 3
fi=(59) ./string/../sysdeps/x86_64/multiarch/strncpy.c
-21 1
fe=(58)

fn=(262) strcpy
37 4
-1 2
+10 1
+4 3
fi=(78) ./string/../sysdeps/x86_64/multiarch/strcpy.c
-21 1
fe=(58)

fn=(304) stpcpy
37 4
-1 2
+10 1
+4 3
fi=(89) ./string/../sysdeps/x86_64/multiarch/stpcpy.c
-17 1
fe=(58)

fl=(139)
fn=(554)
26 6
+1 1

fl=(113)
fn=(440)
32 1
+9 1
+1 2
+1 1
+4 1
+1 1
+1 1
+1 1
+1 1
+2 2
+2 1
+1 1
+3 2
+2 1
+23 1
cfi=(114) ./setjmp/sigjmp.c
cfn=(442) __sigjmp_save
calls=1 -56 
* 8

fl=(138) ./stdio-common/vfscanf-internal.c
fn=(538) __vfscanf_internal
278 42
+10 3
-8 3
+8 6
+1 3
fi=(140) ./stdio-common/../include/scratch_buffer.h
78 3
fe=(138)
289 3
fi=(140)
77 6
fe=(138)
339 3
fi=(140)
77 3
fe=(138)
339 12
+6 10
+3 15
+4 6
+20 3
-13 3
+13 3
-13 3
+6 3
+2 12
+5 42
fi=(122) ./stdio-common/../sysdeps/unix/sysv/linux/x86/lowlevellock.h
47 9
fe=(138)
372 9
+9 3
-4 3
+4 9
-49 3
-49 3
+1 3
+9 3
-11 3
503 6
328 3
503 3
327 3
-1 3
-1 3
-12 3
503 3
-85 18
+23 36
+1 18
+3 15
-64 27
3020 12
345 4
3030 45
fi=(140)
85 9
fe=(138)
3034 6
+17 6
+6 36
206 6
+16 6
+1 12
487 30
+44 66
+80 12
+4 12
+1 6
-1 6
+1 12
+1 9
+3 12
+1 42
+6 63
+3 20
-3 10
+3 42
-3 1
+3 4
-3 22
+4 30
+1 54
cfi=(124)
cfn=(556) _IO_sputbackc
calls=6 +3 
* 108
+4 48
-9 2
cfi=(124)
cfn=(542) __uflow
calls=1 299 
* 466
* 3
447 6
+34 6
+22 24
+21 18
+4 6
+3 12
+75 6
+1 6
+4 6
-4 6
+10 9
1397 66
+5 18
+9 12
+26 30
1732 12
fi=(140)
113 36
fe=(138)
1739 66
260 16
1796 8
260 16
+3 24
1798 32
+2 72
-68 16
+2 28
+2 24
+67 12
206 6
1810 12
214 12
1811 12
+28 36
cfi=(124)
cfn=(556)
calls=6 635 
* 108
260 24
+3 18
1843 12
1668 6
206 6
1861 12
1668 12
1860 18
+1 6
cfi=(141) ./stdlib/../stdlib/strtol.c
cfn=(560) __strtol_internal
calls=6 98 
* 668
* 6
+6 18
+3 24
+6 12
-4 12
+4 12
+23 6
381 12
1389 6
-1 6
+2 6
1741 24
1434 24
1812 8
+1 8
+65 12
+2 12
+1 18
+14 60

fl=(147)
fn=(592)
36 16
+2 4

fl=(60) ./string/../sysdeps/x86_64/multiarch/ifunc-strcasecmp.h
fn=(288) strcasecmp_l
32 4
+3 4
+1 2
fi=(86) ./string/../sysdeps/x86_64/multiarch/strcasecmp_l.c
-5 1
fe=(60)

fn=(258) strncasecmp
32 4
+3 4
+1 2
fi=(77) ./string/../sysdeps/x86_64/multiarch/strncase.c
-5 1
fe=(60)

fn=(316) strncasecmp_l
32 4
+3 4
+1 2
fi=(93) ./string/../sysdeps/x86_64/multiarch/strncase_l.c
-5 1
fe=(60)

fn=(212) strcasecmp
32 4
+3 4
+1 2
fi=(61) ./string/../sysdeps/x86_64/multiarch/strcasecmp.c
-5 1
fe=(60)

fl=(105) ./string/../sysdeps/x86/cacheinfo.c
fn=(396) handle_intel.constprop.0
259 21
+2 9
+3 6
+8 6
+3 6
-2 3
+2 3
-5 6
+11 15
+5 6
+2 3
+1 3
-1 3
+5 12
cfn=(398) intel_check_word.constprop.0
calls=3 132 
* 1011
+2 6
+3 15
cfn=(398)
calls=3 132 
* 613
+2 6
+3 10
cfn=(398)
calls=2 132 
* 44
+2 4
+3 10
cfn=(398)
calls=2 132 
* 272
+2 4
+9 33

fn=(398)
132 30
-4 40
+10 30
-10 10
+10 40
+2 20
+68 24
+3 48
-71 38
+2 22
+2 44
+8 44
+51 44
+22 22
fi=(106) ./string/../bits/stdlib-bsearch.h
28 22
-1 44
+8 98
-6 280
+2 292
+1 146
fe=(105)
+87 292
+3 140
fi=(106)
-85 84
fe=(105)
230 18
+14 6
134 7
255 40
-23 3
+2 6
+2 6

fn=(394) init_cacheinfo
488 7
+14 2
769 1
+13 1
502 2
772 2
+2 1
+1 1
+2 1
-3 1
+5 1
-5 1
+4 3
+4 2
+3 2
+2 1
+1 1
+2 1
-3 1
+5 1
-5 1
+4 3
+15 1
+2 6
-2 1
+3 8
500 1
+4 1
-4 1
+4 1
cfn=(396)
calls=1 259 
* 783
+2 1
-2 1
+2 1
cfn=(396)
calls=1 259 
* 853
+5 1
-5 1
+5 1
cfn=(396)
calls=1 259 
* 494
* 1
+8 2
-9 1
+20 1
+5 2
+4 2
+8 6
+3 4
+6 2
-6 9
+6 6
+3 26
+14 2
+4 1
+3 1
+1 1
-4 1
+3 1
-3 1
+3 1
+6 4
-39 6
691 4
+1 5
+4 2
+73 2
564 2
+4 1
+1 1
-1 2
+1 1
+23 2
+8 2
+2 1
-2 6
+2 4
-2 1
+4 1
+23 2
-25 2
+2 6
+2 6
+3 2
+1 8
+2 4
+3 2
+5 1
+2 2
+1 1
+1 1
-2 2
+1 1
+1 1
+27 2
+1 2
+2 1
-1 1
+1 1
-24 2
-7 1
+11 2
+3 1
+2 4
+1 1
+5 2

fl=(167) ./posix/../sysdeps/unix/sysv/linux/_exit.c
fn=(794) _Exit
27 1
+4 1
+2 2

fl=(57) ./string/../sysdeps/x86_64/multiarch/ifunc-memmove.h
fn=(236) mempcpy
53 3
-1 2
+5 2
-1 2
+14 2
+27 2
+1 2
+2 5

fn=(206) memmove
53 6
-1 4
+5 4
-1 4
+14 4
+27 4
+1 4
+2 10

fn=(266) memcpy@@GLIBC_2.14
53 3
-1 2
+5 2
-1 2
+14 2
+27 2
+1 2
+2 5

fl=(63) ./string/../sysdeps/x86_64/multiarch/ifunc-avx2.h
fn=(252) strnlen
32 10
fi=(75) ./string/../sysdeps/x86_64/multiarch/strnlen.c
-1 4
fe=(63)

fn=(280) strlen
32 5
fi=(84) ./string/../sysdeps/x86_64/multiarch/strlen.c
-3 2
fe=(63)

fn=(224) rawmemchr
32 5
fi=(65) ./string/../sysdeps/x86_64/multiarch/rawmemchr.c
-1 2
fe=(63)

fn=(284) memrchr
32 5
fi=(85) ./string/../sysdeps/x86_64/multiarch/memrchr.c
-3 2
fe=(63)

fn=(292) memchr
32 5
fi=(87) ./string/../sysdeps/x86_64/multiarch/memchr.c
-3 2
fe=(63)

fn=(312) strchrnul
32 5
fi=(92) ./string/../sysdeps/x86_64/multiarch/strchrnul.c
-1 2
fe=(63)

fn=(220) rindex
32 5
fi=(64) ./string/../sysdeps/x86_64/multiarch/strrchr.c
-4 2
fe=(63)

fl=(156)
fn=(648)
130 2411
+1 2411
+1 2411
+17 2411
+1 2411
+1 2
+1 2
+5 2
+1 2
+1 2
+1 2
+5 2
313 2409
+1 2409
+1 2409
+1 2409
+1 2407
+1 2407
+1 1232
+1 1232
+1 1232
+2 1232
+28 2
+1 2
+1 2
+1 2
+1 2
+3 1175
+1 1175
+1 1175
+1 1175
+1 1175

fl=(83) ./string/../sysdeps/x86_64/multiarch/strchr.c
fn=(278) index
41 4
-1 2
+11 1
+4 4
+6 1

fl=(148)
fn=(594)
77 21
+5 3
-5 9
+5 6
+2 12
cfi=(120) ./string/../sysdeps/x86_64/multiarch/../strchr.S
cfn=(598) __strchr_sse2
calls=3 -60 
* 69
* 3
* 3
+1 6
+44 3
+32 36

fl=(137)
fn=(536)
25 36
+4 3
+1 6
-1 6
+1 3
-1 3
+1 3
-1 3
+1 3
-1 3
+1 3
cfi=(138)
cfn=(538)
calls=3 278 
* 3445
+4 15

fl=(110) ./stdlib/cxa_atexit.c
fn=(418) __cxa_atexit
70 2
cfn=(420) __internal_atexit
calls=1 -34 
* 70

fn=(424) __new_exitfn
88 2
-6 4
+11 4
-10 2
+12 4
-2 1
+10 1
-10 3
+45 1
+5 1
-4 1
+4 4
-18 1
-1 1
+1 1

fn=(420)
36 5
+5 6
+2 1
fi=(111) ./stdlib/../sysdeps/unix/sysv/linux/x86/lowlevellock.h
+4 1
fe=(110)
-4 2
fi=(111)
+4 2
fe=(110)
-3 2
cfn=(424)
calls=1 +44 
* 31
+2 2
+7 1
+3 1
-3 2
+4 1
-2 1
+3 1
+1 4
+2 7

fl=(128) ./malloc/hooks.c
fn=(486) malloc_hook_ini
30 1
-1 2
+1 1
fi=(129) ./malloc/arena.c
291 4
cfn=(490) ptmalloc_init.part.0
calls=1 -2 
* 74300
fe=(128)
32 1
+1 1
-1 1
cfi=(127) ./malloc/malloc.c
cfn=(485) malloc'2
calls=1 3031 
* 675

fl=(146)
fn=(588)
37 3
+3 3
-3 24
+3 6
+8 30
+2 21
-7 6
+1 3
-1 9
+2 3

fl=(119) ./stdio-common/vfprintf-internal.c
fn=(460) __vfprintf_internal
1321 13266
+30 6030
+8 3622
+4 6030
+11 4824
+11 2412
fi=(121) ./stdio-common/printf-parse.h
111 2412
fe=(119)
1385 2412
fi=(121)
111 1206
cfi=(120)
cfn=(464) __strchrnul_sse2
calls=1206 -87 
* 24192
* 1206
* 1206
fe=(119)
1396 1206
+4 2412
239 1206
fi=(183) ./stdio-common/../libio/libioP.h
941 1206
fe=(119)
1404 1206
fi=(183)
943 1206
-2 1206
fe=(119)
1404 1206
fi=(183)
941 2412
+2 2412
+1 2412
fe=(119)
239 4824
cfi=(123)
cfn=(470)
calls=1206 1198 
* 99687
* 2412
127 12060
1404 2412
+4 3618
+4 8421
-57 1203
+57 1203
-23 1203
-8 2406
+72 7236
1689 14472
+1 3618
+3 14472
1359 2404
+41 8442
+1 8442
fi=(122)
47 2412
fe=(119)
1401 4824
+52 2412
-12 1206
-1 1206
+13 2412
-14 1206
-1 1206
+15 1206
-7 1206
1641 1206
-22 1206
1453 2412
-11 1206
1608 1206
1437 1206
+16 1206
-17 1206
-1 1206
+18 1206
-19 1206
-1 1206
+14 1206
-4 2412
1670 1206
fi=(121)
111 1206
fe=(119)
1664 1206
+6 1206
fi=(121)
111 1206
fe=(119)
1670 1206
fi=(121)
111 1206
cfi=(120)
cfn=(464)
calls=1206 -87 
* 24120
* 1206
fe=(119)
239 1206
fi=(183)
943 1206
fi=(121)
111 1206
fe=(119)
1670 1206
fi=(183)
943 1206
fe=(119)
1674 1206
fi=(183)
943 1206
+1 2412
fe=(119)
239 4824
cfi=(123)
cfn=(470)
calls=1206 1198 
* 77184
* 2412
127 15678
1674 2412
+2 4821
-30 16884
cfi=(155) ./stdio-common/_itoa.c
cfn=(644) _itoa_word
calls=1206 165 
* 59396
* 34974
192 2412
+47 1206
fi=(183)
943 3618
+1 2412
fe=(119)
239 6030
cfi=(123)
cfn=(470)
calls=1206 1198 
* 79600
* 3618
127 15678
1647 2412
-1 30150
192 2412
1646 22914

fl=(76) ./string/../sysdeps/x86_64/multiarch/ifunc-sse4_2.h
fn=(276) strpbrk
30 5
fi=(184) ./string/../sysdeps/x86_64/multiarch/strpbrk.c
-1 1
fe=(76)

fn=(298) strspn
30 5
fi=(185) ./string/../sysdeps/x86_64/multiarch/strspn.c
-1 1
fe=(76)

fn=(256) strcspn
30 5
fi=(186) ./string/../sysdeps/x86_64/multiarch/strcspn.c
-1 1
fe=(76)

fl=(71) ./string/../sysdeps/x86_64/multiarch/strncmp.c
fn=(242) strncmp
42 4
-1 2
+16 3
+10 1
-9 2
+9 2

fl=(118)
fn=(458)
28 36
+4 3
+1 6
-1 6
+1 3
-1 3
+1 3
-1 3
+1 3
-1 3
+1 3
cfi=(119)
cfn=(460)
calls=3 1321 
* 77327
+4 15

fl=(158)
fn=(664)
34 12
+14 9
fi=(136)
884 6
+1 9
fe=(158)
57 3
fi=(136)
941 9
+2 6
+1 6
fe=(158)
57 9
cfi=(123)
cfn=(696)
calls=3 169 
* 81
+1 9
fi=(136)
856 12
+1 12
+6 6
cob=(2)
cfi=(17)
cfn=(688) 0x00000000049a9318
calls=3 0 
* 240
fe=(158)
76 15
-27 3
cfi=(124)
cfn=(666)
calls=3 +5 
* 279
+2 30
fi=(145) ./libio/../sysdeps/unix/sysv/linux/x86/lowlevellock.h
-4 6
fe=(158)
+4 12
fi=(136)
884 6
fe=(158)
52 6
+1 6
cfi=(123)
cfn=(674)
calls=3 +76 
* 1044
fi=(136)
884 3
fe=(158)
53 3
fi=(136)
884 6
+1 18
fe=(158)
71 6

fl=(124)
fn=(544) _IO_default_uflow
361 1
fi=(136)
941 2
fe=(124)
361 1
fi=(136)
941 1
fe=(124)
361 2
+1 1
fi=(136)
943 2
+1 2
fe=(124)
362 2
cfi=(123)
cfn=(546)
calls=1 466 
* 407
+1 2
+2 4
+1 4

fn=(576) _IO_old_init
534 3
-2 3
+1 3
-1 3
+2 6
+16 3
-14 3
+14 3
+5 3
-18 3
+1 3
+1 3
+1 3
+1 3
+1 3
+1 3
+1 3
+2 3
+1 3
+1 3
+1 3
+6 6
+1 6
+2 3

fn=(682)
960 3
+2 3
-2 3
+2 3
+5 9
+2 6

fn=(776) _IO_flush_all_lockp
686 8
+5 6
+1 6
fi=(145)
47 2
fe=(124)
692 2
+3 1
-8 1
+5 2
+3 2
fi=(136)
941 3
fe=(124)
699 2
+7 1
fi=(136)
943 2
+1 2
fe=(124)
706 3
cfi=(123)
cfn=(472)
calls=1 +26 
* 134
+1 3
+2 6
+2 3
-16 9
+2 3
+1 6
+3 20
+14 10
+1 3
+4 12
-29 4

fn=(666)
54 15
cfn=(668) __GI__IO_un_link.part.0
calls=3 -2 
* 270
+28 3

fn=(668)
52 15
+6 3
-6 9
+6 6
+1 18
fi=(145)
-12 6
fe=(124)
+12 6
+2 3
-1 3
-1 3
+2 3
-2 3
+2 21
fi=(145)
-14 3
fe=(124)
+14 6
fi=(145)
-14 3
fe=(124)
+27 3
-13 3
+2 3
+13 3
-15 3
+13 3
-13 3
+15 3
-13 6
+3 3
-1 6
+1 3
+8 3
+2 33
+2 3
-2 3
+2 6
-20 12
+19 3
+1 24
+1 6
+3 24

fn=(698)
601 6
+2 9
+6 9
+3 9
54 6
624 6

fn=(790)
452 2
fi=(136)
941 2
fe=(124)
452 8
fi=(136)
941 2
fe=(124)
452 2
fi=(136)
941 2
fe=(124)
452 4
+1 2
fi=(136)
943 4
+1 4
fe=(124)
453 4
cfi=(123)
cfn=(792)
calls=2 793 
* 56
* 4
+4 2
330 2
462 2
-7 4
337 2
-5 2
467 2
333 2
+4 2
465 6
+1 6
+2 12
-11 2
+1 4
-1 2
330 8

fn=(524)
329 72
+1 38
+5 16
-3 8
+3 16
-2 8
+2 16
+3 48
-7 3
cob=(2)
cfi=(17)
cfn=(688)
calls=3 0 
* 372
+4 6

fn=(774) _IO_cleanup
863 1
+3 1
-3 9
+3 1
cfn=(776)
calls=1 686 
* 256
-80 1
+80 1
-80 2
+1 6
fi=(145)
47 2
fe=(124)
787 2
+3 1
-3 2
+3 2
fi=(136)
941 4
fe=(124)
807 2
+31 3
-48 9
+9 9
+2 6
+6 16
fi=(145)
47 4
fe=(124)
807 4
+8 10
+9 2
fi=(136)
943 4
+1 4
fe=(124)
824 8
cfi=(123)
cfn=(788)
calls=2 382 
* 186
+2 6
+4 10
+1 20
+11 10
+1 2
+35 12
-92 4
+31 4
+2 2
+1 2
-1 2
+2 6
-14 8

fn=(474)
344 10
-1 15
+3 20
+1 5
fi=(136)
941 15
+2 10
+1 10
fe=(124)
347 10
cfi=(125)
cfn=(476)
calls=5 78 
* 76223
* 10
+3 20

fn=(542)
299 4
+1 3
+5 2
+3 3
+2 2
+6 2
+7 1
fi=(136)
941 3
+2 2
+1 2
fe=(124)
323 1
+1 1
-1 1
+1 2
-1 1
cfn=(544)
calls=1 +38 
* 431
-23 2
+21 3

fn=(574) _IO_no_init
563 27
+1 3
cfn=(576)
calls=3 -30 
* 81
+1 3
+1 6
+2 3
+1 3
+1 3
+1 3
+1 3
+1 3
+1 3
+1 3
+1 3
+1 3
+1 3
+1 3
+2 3
+6 3
+1 18

fn=(580)
87 24
+1 30
+4 3
-2 9
+2 15
+1 18
fi=(145)
-46 6
fe=(124)
+46 6
+2 3
-1 3
-1 6
+2 21
fi=(145)
-48 3
fe=(124)
+48 6
fi=(145)
-48 3
fe=(124)
+48 3
+5 3
-3 3
-2 6
+3 3
-1 3
+3 42
+1 3
+1 24
+1 6
+3 48

fn=(528)
371 36
+3 8
fi=(136)
941 28
fe=(124)
389 6
+8 3
+2 77
fi=(136)
943 46
+1 46
fe=(124)
399 92
cfi=(123)
cfn=(472)
calls=23 732 
* 759
* 46
+2 23
-2 23
-20 108
+2 3
+1 6
+2 6
+19 4
+1 32
fi=(136)
947 6
fe=(124)
394 6
-1 9
+1 4
-1 6
+1 12

fn=(550)
164 4
+1 3
+3 3
+4 2
+1 2
+7 1
-4 1
+4 1
-2 2
+3 1
+1 4

fn=(556)
635 48
+3 36
+1 24
+9 12
+3 48
-10 24
+1 12
+5 12

fl=(72) ./string/../sysdeps/x86_64/multiarch/strcmp.c
fn=(244) strcmp
42 4
-1 2
+6 1
+10 3
+9 2

fl=(164) ./stdlib/cxa_finalize.c
fn=(720) __cxa_finalize
30 24
+3 3
fi=(111)
+14 3
fe=(164)
-14 6
fi=(111)
+14 6
+4 3
fe=(164)
-15 9
+4 21
-4 9
+58 12
+4 21
-4 9
+12 6
+1 6
cfi=(165) ./nptl/register-atfork.c
cfn=(724) __unregister_atfork
calls=3 -28 
* 48
+2 12
+1 24

fl=(90) ./wcsmbs/../sysdeps/x86_64/multiarch/ifunc-memcmp.h
fn=(308) wmemcmp
34 2
+1 1
-1 2
+15 3
fi=(91) ./wcsmbs/../sysdeps/x86_64/multiarch/wmemcmp.c
-20 1
fe=(90)

fl=(154)
fn=(642)
27 12030
+4 1203
+1 2406
-1 6015
+1 1203
cfi=(119)
cfn=(460)
calls=1203 1321 
* 682377
+4 6015

fl=(155)
fn=(644)
165 1206
+3 4824
+2 2412
+9 48542
+9 2412

fl=(129)
fn=(490)
289 5
+13 1
-8 1
+8 1
+6 3
fi=(127)
1795 4
+3 2
-3 3
+3 252
-3 378
+11 1
fe=(129)
313 2
fi=(127)
1807 1
fe=(129)
313 1
fi=(127)
1809 1
fe=(129)
313 2
cob=(1)
cfi=(116)
cfn=(453)
calls=1 72 
* 854
* 5
+1 4
cob=(1)
cfi=(8) ./elf/dl-tunables.c
cfn=(26) __tunable_get_val
calls=1 +53 
* 19
* 1
+1 4
cob=(1)
cfi=(8)
cfn=(26)
calls=1 +52 
* 18
* 1
+1 4
cob=(1)
cfi=(8)
cfn=(26)
calls=1 +51 
* 19
* 1
+1 4
cob=(1)
cfi=(8)
cfn=(26)
calls=1 +50 
* 19
* 1
+1 4
cob=(1)
cfi=(8)
cfn=(26)
calls=1 +49 
* 18
* 1
+1 4
cob=(1)
cfi=(8)
cfn=(26)
calls=1 +48 
* 19
* 1
+1 4
cob=(1)
cfi=(8)
cfn=(26)
calls=1 +47 
* 19
* 1
+2 4
cob=(1)
cfi=(8)
cfn=(26)
calls=1 +45 
* 19
* 1
+1 4
cob=(1)
cfi=(8)
cfn=(26)
calls=1 +44 
* 19
* 1
+1 4
cob=(1)
cfi=(8)
cfn=(26)
calls=1 +43 
* 19
* 1
+3 4
cob=(1)
cfi=(8)
cfn=(26)
calls=1 +40 
* 19
* 1
+69 2
+1 2
+3 1
+1 6
-98 5
cfi=(130)
cfn=(492)
calls=1 126 
* 72499
* 2
+1 4

fl=(159)
fn=(680)
26 28
+1 4

fl=(133) ./malloc/morecore.c
fn=(516) __default_morecore
46 2
+1 2
cfi=(134)
cfn=(518)
calls=2 -15 
* 66
+2 6
+3 4

fl=(79) ./wcsmbs/../sysdeps/x86_64/multiarch/ifunc-wcslen.h
fn=(296) wcslen
33 4
+15 4
fi=(187) ./wcsmbs/../sysdeps/x86_64/multiarch/wcslen.c
-19 1
fe=(79)

fn=(268) wcsnlen
33 4
+15 4
fi=(188) ./wcsmbs/../sysdeps/x86_64/multiarch/wcsnlen.c
-19 1
fe=(79)

fl=(100) ./csu/init-first.c
fn=(382) _init
52 3
+3 3
+14 1
+8 1
-10 1
+1 1
+1 1
+8 1
cfi=(101)
cfn=(384)
calls=1 -46 
* 49
+8 2
-5 1
cfi=(103) ./ctype/ctype-info.c
cfn=(390) __ctype_init
calls=1 -49 
* 16
-18 1
-7 1
+7 4

fl=(104) ./libio/vtables.c
fn=(392) check_stdfiles_vtables
84 4
+1 3
+1 3
+2 1

fl=(114)
fn=(442)
28 2
+2 2
-1 1
+5 3

fl=(157)
fn=(658)
32 300
+3 120
+1 420
+5 300

fl=(73) ./string/../sysdeps/x86_64/multiarch/ifunc-memset.h
fn=(246) memset
50 5
+4 1
+3 1
-3 1
-1 2
+6 3
+9 2
+28 4
fi=(189) ./string/../sysdeps/x86_64/multiarch/memset.c
-67 2
fe=(73)

fl=(109)
fn=(416)
137 10
+4 1
-4 3
+4 3
+96 2
+1 3
cfi=(110)
cfn=(418)
calls=1 70 
* 72
+22 4
+3 2
+1 5
cob=(6)
cfi=(108)
cfn=(426)
calls=1 0 
* 50
+4 4
+15 2
+12 2
cfi=(112)
cfn=(438)
calls=1 30 
* 28
+1 2
+5 2
+1 2
+3 2
+3 6
cob=(6)
cfi=(115)
cfn=(444)
calls=1 5 
* 889093227
* 1
+34 1
cfi=(161) ./stdlib/exit.c
cfn=(702) exit
calls=1 138 
* 1736

fl=(103)
fn=(390)
31 7
+2 4
+2 4
+1 1

fl=(127)
fn=(522) alloc_perturb
1868 21
+2 7

fn=(484) malloc
3031 8
-8 32
+8 8
+1 16
1208 14
+2 28
3044 28
+3 14
+9 15
+2 15
cfn=(512) _int_malloc
calls=5 3513 
* 725
* 5
+1 35
+23 35
1210 7
3042 21
+7 9
2936 2
+2 2
-2 2
+1 4
+1 2
+1 2
3051 2
-18 1
+49 3
-49 1
cfi=(128)
cfn=(486)
calls=1 30 
* 74986

fn=(485)
3031 1
-8 4
+8 1
+1 2
1208 2
+2 4
3044 4
+12 3
+2 3
cfn=(512)
calls=1 3513 
* 149
* 1
+1 7
+23 5
1210 1
3042 3
-64 4
cfn=(508) tcache_init.part.0
calls=1 +3 
* 472
+69 2
+1 4
+1 3

fn=(512)
3513 49
1208 14
+2 35
3638 2
+2 2
-2 2
+2 4
4147 63
1210 14
3553 14
4131 14
3577 14
+58 14
+62 172
+1 15
4133 4
3637 2
4133 26
3718 2
-1 2
-1 2
+1 4
+1 9
-1 5
-1 5
+1 10
+1 10
-2 12
+6 6
+6 6
+67 18
-67 18
-6 1
+6 1
+67 3
-67 3
3917 14
+2 15
+3 5
-3 5
+3 10
+68 14
+1 7
+1 7
-1 7
+3 7
-2 7
+2 7
-1 14
+1 7
+5 14
+7 24
-3 39
4103 7
+1 14
+2 14
+3 22
+17 3
3638 6
4141 4
cfn=(514) sysmalloc
calls=1 2255 
* 227
* 1
+1 2
-22 21
cfn=(522)
calls=7 1868 
* 28
+1 7
-7 6
-3 6
+1 6
-1 6
+3 6
-1 6
+1 6
+2 6
-2 30
+2 6
+3 12

fn=(690) free
3087 6
+5 12
+1 12
+6 12
+5 6
-2 6
+2 12
+18 18
+2 18
+1 6
+1 6
-1 6
cfn=(692) _int_free
calls=6 4155 
* 486

fn=(508)
2981 1
-9 1
+9 6
fi=(132) ./malloc/../sysdeps/unix/sysv/linux/x86/lowlevellock.h
47 2
fe=(127)
2982 3
cfn=(512)
calls=1 3513 
* 358
* 1
+1 2
+8 4
+7 2
+2 1
+1 2
-1 1
+1 86
+3 2

fn=(514)
2255 8
+20 2
+11 2
+1 5
fi=(129)
536 3
fe=(127)
2302 4
+66 1
+1 3
+1 1
+9 4
+6 3
+3 3
2705 2
+1 1
+5 2
+3 2
+5 1
-2 1
+5 1
-6 1
+3 2
-1 1
+1 2
+1 1
-1 2
+1 1
+8 9
2379 5
-77 2
2449 2
+11 1
+8 2
+2 5
cfi=(133)
cfn=(516)
calls=1 46 
* 55
+4 3
-4 1
+4 1
+3 2
+1 2
+48 1
-2 2
+2 1
-2 2
+2 1
+6 2
-7 2
2662 1
-1 1
-1 1
+1 2
+1 1
-1 1
+1 1
+11 2
2535 4
+40 3
+22 2
+1 5
+2 1
+1 5
cfi=(133)
cfn=(516)
calls=1 46 
* 25
+12 3
-12 1
+12 1
+8 2
+1 2
+1 3

fn=(692)
4155 48
+10 30
+6 30
+1 12
+4 24
+8 30
-1 12
+1 12
+3 3
+6 6
+13 12
+14 6
4428 66
4295 6
+3 3
+3 15
+7 3
-4 3
+4 6
+3 6
+5 9
+3 6
+1 6
+1 6
1875 9
4327 6
+9 6
+62 6
+20 9
2926 3
+2 3
-4 3
+2 6
+1 3
+1 3
4209 3
4399 9
+3 9
-23 3
+1 9
+1 6
-68 9
-2 6
+93 15

fl=(160)
fn=(686)
26 12
+1 3

fl=(120)
fn=(464)
24 2412
+1 2412
+1 2412
+1 2412
+1 2412
+1 2412
+1 2412
+1 2412
+1 2412
+1 2412
+1 2412
+1 2412
+1 2412
+1 2412
+1 2412
+1 2412
+1 2412
+1 2409
+2 2409
+7 2409
+4 3
+1 3
+1 3
+1 3
+1 3
+1 3
+1 3
+1 3
+1 3
+1 3
+1 3
+1 3
+1 3
+1 3
+1 3
+1 3
+1 3
+1 3
+1 3
+1 3
+1 3
+1 3
+1 3
+1 3
+52 3
+2 3
+7 3

fn=(598)
24 3
+1 3
+1 3
+1 3
+1 3
+1 3
+1 3
+1 3
+1 3
+1 3
+1 3
+1 3
+1 3
+1 3
+1 3
+1 3
+1 3
+1 3
+4 3
+1 3
+1 3
+1 3
+2 3

fl=(161)
fn=(704) __run_exit_handlers
40 10
+5 3
+11 3
fi=(111)
-9 1
fe=(161)
+9 3
fi=(111)
-9 1
fe=(161)
+9 2
fi=(111)
-9 2
fe=(161)
+12 2
+2 5
+51 1
fi=(111)
-65 1
fe=(161)
+65 2
fi=(111)
-65 1
fe=(161)
+67 2
-44 6
+2 1
+1 1
-1 1
+4 4
+1 8
+29 1
+2 1
-5 1
+5 1
-2 2
+2 1
cob=(1)
cfi=(163) ./elf/dl-fini.c
cfn=(710) _dl_fini
calls=1 -78 
* 973
+1 1
+11 2
+1 2
+5 5
-61 1
+1 4
+63 2
+1 6
cfi=(124)
cfn=(774)
calls=1 863 
* 646
* 3
+2 2
cfi=(167)
cfn=(794)
calls=1 27 
* 4
-86 1
cfi=(162) ./stdlib/cxa_thread_atexit_impl.c
cfn=(706) __call_tls_dtors
calls=1 +99 
* 11
* 1

fn=(702)
138 1
+1 4
cfn=(704)
calls=1 -99 
* 1731

fl=(162)
fn=(706)
145 3
+1 4
+18 4

fl=(141)
fn=(560)
98 18
cfi=(142)
cfn=(562)
calls=6 226 
* 650

fl=(102)
fn=(388)
24 1
+1 1
+1 1
+1 1
+1 1
+1 1
+1 1
+1 1
+1 1
+1 1
+1 1
+1 1
+1 1
+1 1
+1 1
+1 1
+1 1
+1 1
+1 1
+1 1
+1 1
+1 1
+1 1
+1 1

fl=(144)
fn=(572) __fopen_internal
57 21
+8 3
-8 3
+8 3
cob=(2)
cfi=(17)
cfn=(482)
calls=3 -65 
* 274
+2 9
+3 3
+2 6
-2 3
+2 15
cfi=(124)
cfn=(574)
calls=3 563 
* 180
+1 3
+1 3
-1 3
+1 3
cfi=(123)
cfn=(578)
calls=3 +38 
* 273
+1 15
cfi=(123)
cfn=(584)
calls=3 214 
* 675
* 6
-38 6
+44 21

fn=(570)
86 6
cfn=(572)
calls=3 -29 
* 1528

fl=(165)
fn=(724)
79 6
+1 9
fi=(166) ./nptl/../sysdeps/unix/sysv/linux/x86/lowlevellock.h
-33 6
fi=(190) ./nptl/../malloc/dynarray-skeleton.c
239 3
fe=(165)
68 6
+38 12
+1 6

ob=(1)
fl=(39) ./io/../sysdeps/unix/sysv/linux/read_nocancel.c
fn=(128) __read_nocancel
26 12
+1 3

fl=(116)
fn=(452)
72 8
+3 8
+2 8
+3 8
+13 8
+1 8
+1 8
+1 8
+1 8
+1 8
+1 8
+2 8
+23 8
+1 8
+1 8
cfi=(117) ./elf/../elf/dl-runtime.c
cfn=(454) _dl_fixup
calls=8 -60 
* 5303
+1 8
+3 8
+6 8
+1 8
+1 8
+1 8
+1 8
+1 8
+1 8
+2 8
+2 8
+4 8
+3 8
cob=(3)
cfi=(158)
cfn=(664)
calls=1 34 
* 624
cob=(3)
cfi=(157)
cfn=(658)
calls=1 32 
* 19
cob=(3)
cfi=(154)
cfn=(642)
calls=1 27 
* 993
cob=(4)
cfi=(151)
cfn=(628)
calls=1 31 
* 173
cob=(4)
cfi=(150)
cfn=(614)
calls=1 38 
* 20
cob=(3)
cfi=(144)
cfn=(570)
calls=1 -67 
* 612
cob=(3)
cfi=(137)
cfn=(536)
calls=1 25 
* 1448
cob=(3)
cfi=(118)
cfn=(458)
calls=1 28 
* 76670

fn=(453)
72 2
+3 2
+2 2
+3 2
+13 2
+1 2
+1 2
+1 2
+1 2
+1 2
+1 2
+2 2
+23 2
+1 2
+1 2
cfi=(117)
cfn=(454)
calls=2 -60 
* 1675
+1 2
+3 2
+6 2
+1 2
+1 2
+1 2
+1 2
+1 2
+1 2
+2 2
+2 2
+4 2
+3 2
cfi=(8)
cfn=(26)
calls=1 367 
* 18
cfi=(131) ./elf/dl-open.c
cfn=(500) _dl_find_dso_for_object
calls=1 +48 
* 50

fl=(38) ./io/../sysdeps/unix/sysv/linux/open64_nocancel.c
fn=(126) __open_nocancel
37 13
-3 39
+3 78
+8 91
+2 4
-2 27
+2 9

fl=(13) ./string/../sysdeps/x86_64/multiarch/strlen-vec.S
fn=(28) strlen
92 18
+1 18
+1 18
+1 18
+1 18
+1 18
+1 18
+2 18
+2 18
+31 17
+1 17
+1 17
+1 17
+1 17
+1 8
+2 8
+4 9
+1 9
+1 9
+1 9
+1 9
+1 9
+1 9
+1 9
+1 9
+1 9
+1 9
+1 9
+5 66
+4 1
+1 14
+1 8
+68 3
+1 3
+1 3
+1 3
+1 3
+1 3
+1 3
+1 3
+16 3
+2 3
+1 42
+2 3
+1 3
+1 3
+2 3

fl=(46) ./io/../sysdeps/unix/sysv/linux/access.c
fn=(146) access
27 7
+4 1

fl=(55) ./elf/dl-version.c
fn=(180) _dl_check_map_versions
156 35
+15 5
-15 10
+15 10
+2 15
+2 5
+1 5
-1 5
+1 5
+2 10
+3 6
-16 3
-8 3
+28 3
-4 3
+4 9
+16 3
37 3
201 3
37 3
201 3
37 15
201 2
37 2
201 2
37 2
201 2
37 10
+1 16
-1 32
+2 63
cfi=(37) ./elf/dl-misc.c
cfn=(122) _dl_name_match_p
calls=21 282 
* 1946
* 42
209 15
+5 5
-71 10
+71 10
-71 15
+79 5
-2 5
-2 10
+4 5
-4 30
+4 5
-2 5
-2 10
+4 5
-4 50
57 8
+8 12
-8 12
+8 18
+6 30
+16 10
+1 20
+2 10
+5 100
+14 164
+12 216
+4 72
-30 144
225 40
+3 30
+5 5
-11 5
111 10
+3 40
cfi=(21) ./string/../sysdeps/x86_64/strcmp.S
cfn=(56) strcmp
calls=10 +30 
* 457
* 55
237 20
+5 4
-43 2
+52 6
+3 9
+3 18
+3 12
+4 3
-7 12
+3 9
+4 44
-7 176
+3 135
+8 8
+89 45
165 2
+86 2
-94 2
+94 3
+23 16
cfi=(18) ./elf/dl-minimal.c
cfn=(40) calloc
calls=4 92 
* 132
* 4
-1 4
+1 4
+1 8
+13 4
-3 4
+3 8
+2 12
+3 9
+4 15
+18 5
-15 5
+2 5
-2 5
+2 5
-2 5
+2 10
-2 5
+2 5
-2 5
+2 5
-2 5
+2 10
+2 10
+1 10
-1 30
+1 10
+1 10
-2 10
+2 20
+1 30
+3 30
+8 15
+5 2
-28 2
+33 12
+3 12
+20 47
-14 100
-2 47
+6 47
+1 47
+1 47
-1 141
+1 47
-1 47
+1 47
+1 47
+3 153

fn=(178) _dl_check_all_versions
362 5
+4 5
-2 2
+4 30
cfn=(180)
calls=5 156 
* 5751
-2 5
+2 15
-1 5
-1 10
+5 7

fl=(21)
fn=(56)
144 231
+1 231
+2 231
+1 231
+21 231
+1 231
+1 139
+1 139
+1 99
+1 99
+1 99
+1 99
+21 99
+1 99
+1 99
+1 99
+1 99
+1 99
+1 99
+5 7
+1 7
+9 7
+1 7
+1 7
+1 7
+1 7
+1 7
+1 7
+1 7
-7 132
+1 132
+1 132
+1 132
+1 132
+1 132
+1 132
+1 132
+1 72
+1 51
+1 51
+1 51
+2 51
+1 51
+1 51
+1 51
+1 51
+1 51
-5 21
+1 21
+1 21
+1 21
+1 21
+1 21
+10 67
+1 67
+1 67
+2 67
+6 67
+1 67
+1 67
+1 67
+1 67
+5 67
+2 65
+1 65
+1 130
+8 65
+1 65
+3 65
+1 65
+1 65
+1 65
+1 65
+1 65
821 20
+1 20
+1 20
+1 20
+1 20
+2 20
+1 20
+1 20
+1 20
+1 20
+1 20
+1 20
+1 6
+4 6
+1 6
+1 6
+6 6
+1 6
+1 12
+4 6
+1 6
+3 6
+1 6
+1 6
+3 6
+1 6
+1 6
+6 6
+1 6
+1 6
+1 6
+1 6
+1 6
+72 3
+1 3
+1 3
+1 3
+1 3
+2 3
+1 3
+1 3
+1 3
+1 3
+1 3
+1 3
+1 1
+4 1
+1 1
+1 1
+6 1
+1 1
+1 2
+4 1
+1 1
+3 1
+1 1
+1 1
+3 1
+1 1
+1 1
+6 1
+1 1
+1 1
+1 1
+1 1
+1 1
+7 1
+1 1
+2 1
+1 1
+2 1
+1 1
+1 1
+3 1
+1 1
+1 1
+6 1
+1 1
+1 1
+1 1
+1 1
+1 1
1196 2
+1 2
+1 2
+1 2
+1 2
+2 2
+1 2
+1 2
+1 2
+1 2
+1 2
+1 2
+1 2
+4 2
+1 2
+1 2
+6 2
+1 2
+1 4
+4 2
+1 2
+3 2
+1 2
+1 2
+3 2
+1 2
+1 2
+6 2
+1 2
+1 2
+1 2
+1 2
+1 2
+72 6
+1 6
+1 6
+1 6
+1 6
+2 6
+1 6
+1 6
+1 6
+1 6
+1 6
+1 6
+1 4
+4 4
+1 4
+1 4
+6 4
+1 4
+1 8
+4 4
+1 4
+3 4
+1 4
+1 4
+3 4
+1 4
+1 4
+6 4
+1 4
+1 4
+1 4
+1 4
+1 4
1571 5
+1 5
+1 5
+1 5
+1 5
+2 5
+1 5
+1 5
+1 5
+1 5
+1 5
+1 5
+1 5
+4 5
+1 5
+1 5
+6 5
+1 5
+1 10
+4 5
+1 5
+3 5
+1 5
+1 5
+3 5
+1 5
+1 5
+6 5
+1 5
+1 5
+1 5
+1 5
+1 5
+72 6
+1 6
+1 6
+1 6
+1 6
+2 6
+1 6
+1 6
+1 6
+1 6
+1 6
+1 6
+1 4
+4 4
+1 4
+1 4
+6 4
+1 4
+1 8
+4 4
+1 4
+3 4
+1 4
+1 4
+3 4
+1 4
+1 4
+6 4
+1 4
+1 4
+1 4
+1 4
+1 4
+72 23
+1 23
+1 23
+1 23
+1 23
+2 23
+1 23
+1 23
+1 23
+1 23
+1 23
+1 23
+1 20
+4 20
+1 20
+1 20
+6 20
+1 20
+1 40
+4 20
+1 20
+3 20
+1 20
+1 20
+3 20
+1 20
+1 20
+6 20
+1 20
+1 20
+1 20
+1 20
+1 20
+72 4
+1 4
+1 4
+1 4
+1 4
+2 4
+1 4
+1 4
+1 4
+1 4
+1 4
+1 4
+1 2
+4 2
+1 2
+1 2
+6 2
+1 2
+1 4
+4 2
+1 2
+3 2
+1 2
+1 2
+3 2
+1 2
+1 2
+6 2
+1 2
+1 2
+1 2
+1 2
+1 2
+72 3
+1 3
+1 3
+1 3
+1 3
+2 3
+1 3
+1 3
+1 3
+1 3
+1 3
+1 3
+2 1
+4 1
+1 1
+1 1
+6 1
+1 1
+2 2
+4 1
+1 1
+3 1
+1 1
+1 1
+3 1
+1 1
+1 1
+6 1
+1 1
+1 1
+1 1
+1 1
+1 1
+74 110
+2 110
+1 110
+1 110
+1 110
-3 29
+1 29
+1 29
+1 29
+1 102
+5 51
+6 51
+1 51
+8 51
+1 51
-16 180
+6 180
+1 180
+8 180
+1 180

fl=(54) ./elf/dl-sort-maps.c
fn=(172) _dl_sort_maps
28 24
+2 4
+4 4
+1 2
-2 2
+1 16
+1 4
cfi=(29) ./string/../sysdeps/x86_64/multiarch/memset-vec-unaligned-erms.S
cfn=(78) memset
calls=2 +79 
* 26
* 18
+4 4
+3 2
-3 4
+1 6
+2 2
-3 12
+3 6
-3 12
+1 18
+2 6
+12 34
+2 18
+1 12
-1 18
+1 12
+33 24
-36 48
+61 24
-31 12
-25 60
+1 42
+58 42
cfi=(29)
cfn=(78)
calls=6 -4 
* 94
* 24
-28 18
-44 16
+69 2
+7 16

fl=(18)
fn=(40)
92 10
+4 10
+4 10
-1 20
+1 20
+3 10
cfn=(44) malloc
calls=10 -54 
* 285
* 10

fn=(82) strsep
265 6
+2 4
+1 4
+4 48
+7 112
-2 56
+13 1
+4 4
-22 14
+15 14
-15 30

fn=(44)
49 108
+1 27
+11 27
-11 54
+11 54
+3 27
-3 27
+3 154
+18 27
+1 27
+2 108
-16 8
+1 4
+2 2
+1 14
cfi=(42) ./misc/../sysdeps/unix/sysv/linux/mmap64.c
cfn=(136) mmap
calls=2 -22 
* 38
* 2
+2 4
+2 4
+2 2
+4 2
-4 4
-23 1
-1 1
+1 1
+1 2
-2 2

fn=(94) free
111 16

fl=(32) ./elf/dl-debug.c
fn=(100) _dl_debug_state
74 2

fn=(96) _dl_debug_initialize
49 10
+5 8
+5 2
-1 1
+1 2
+1 2
-1 1
+5 1
-14 5
+4 10
+3 1
+1 6

fl=(1) ???
fn=(0) 0x0000000000001090
0 2
cfi=(2)
cfn=(2) _dl_start
calls=1 499 
0 137249
0 14
cfi=(98) ./elf/dl-init.c
cfn=(368) _dl_init
calls=1 79 
0 2810
0 3
cob=(6)
cfi=(108)
cfn=(414)
calls=1 0 
0 889095181

fl=(45) ./io/../sysdeps/unix/sysv/linux/close_nocancel.c
fn=(144) __GI___close_nocancel
26 16
+1 4

fl=(131)
fn=(500)
201 5
+4 5
+1 4
+1 16
+1 2
-2 9
+5 2
+4 7

fl=(33) ./elf/../elf/dl-tls.c
fn=(186) _dl_determine_tlsoffset
191 7
+6 3
+3 2
+36 3
+2 1
-2 1
-2 1
-40 1
-1 1
-1 1
+46 2
+23 3
+3 1
-3 4
+2 2
+10 1
-12 1
-25 6
+2 2
+3 1
-1 1
+5 2
-5 1
+1 1
-1 1
+3 2
+2 3
+32 2
-1 1
+53 1
-52 4
+2 2
+51 8

fn=(98) _dl_count_modids
169 2
+1 1
+15 2

fn=(188) _dl_allocate_tls_storage
389 1
+13 1
-13 2
+2 1
+12 2
cfi=(18)
cfn=(44)
calls=1 49 
* 62
* 1
+1 3
+8 2
-69 1
+69 2
+1 1
+4 297
+19 1
-94 2
+1 2
cfi=(18)
cfn=(40)
calls=1 92 
* 33
* 1
+1 2
+3 1
+6 2
+89 5

fn=(184) _dl_tls_static_surplus_init
69 1
+4 1
-4 1
+4 1
-4 3
+4 3
cfi=(8)
cfn=(26)
calls=1 367 
* 19
* 1
+1 4
cfi=(8)
cfn=(26)
calls=1 367 
* 19
* 3
+6 1
+2 4
+5 1
-2 1
+4 3
+1 2
+1 5

fn=(358) _dl_allocate_tls_init
494 8
+1 2
+4 1
+6 1
-6 1
+6 2
-4 1
+16 1
-15 2
+20 8
+9 3
+1 2
+6 3
+3 1
-2 1
+6 1
-6 1
+2 1
+4 1
-4 3
+1 1
+2 2
+4 2
+1 4
+2 2
+1 2
+12 1
-3 1
+3 2
cfi=(19) ./string/../sysdeps/x86_64/multiarch/memmove-vec-unaligned-erms.S
cfn=(76) mempcpy
calls=1 130 
* 12
* 5
cfi=(29)
cfn=(78)
calls=1 114 
* 33
-36 1
-6 4
+6 4
+50 2
+3 9

fn=(166) _dl_next_tls_modid
107 1
+13 1
-13 1
+36 1
+12 1
+4 1

fn=(324) _dl_add_to_slotinfo
944 7
+6 1
+3 1
+1 1
+4 3
+41 2
+3 4
-1 1
+1 1
+2 6

fl=(41) ./io/../sysdeps/unix/sysv/linux/wordsize-64/fxstat.c
fn=(134) _fxstat
33 12
+1 8
+1 16
+4 4

fl=(2)
fn=(2)
499 9
67 3
fi=(5) ./elf/../sysdeps/x86_64/dl-machine.h
-8 1
fe=(2)
+8 1
fi=(3) ./elf/get-dynamic-info.h
-19 1
fi=(5)
+11 2
fe=(2)
543 1
-3 1
fi=(3)
48 2
+15 1
+5 1
+3 1
+1 1
+1 1
-4 1
-2 1
-3 2
-1 20
+1 12
-16 4
+26 4
-26 9
+26 1
-26 2
+2 36
+17 13
-19 13
+26 13
-26 26
+33 2
+20 4
+1 4
+1 4
+1 4
+2 4
+5 4
+1 4
+1 4
+5 3
+5 2
+7 3
+1 3
+8 3
+3 3
+4 2
+1 2
fe=(2)
554 2
+7 1
67 1
466 1
67 3
466 1
cfi=(6) ./elf/dl-lookup.c
cfn=(10) _dl_setup_hash
calls=1 964 
* 23
+1 1
+18 2
-18 1
+1 2
+1 2
+1 2
+9 1
+6 1
cfi=(7) ./elf/../elf/dl-sysdep.c
cfn=(12) _dl_sysdep_start
calls=1 89 
* 136148
* 1
+2 2
+99 9
fi=(3)
65 5
+3 4
fe=(2)
559 7
fi=(4) ./elf/do-rel.h
46 1
fe=(2)
559 3
fi=(4)
86 3
fe=(2)
559 4
fi=(4)
47 1
fe=(2)
559 3
fi=(4)
47 3
+37 1
-1 1
+28 3
+1 2
fi=(5)
547 2
fi=(4)
112 86
fi=(5)
547 86
+1 44
fi=(4)
111 44
fi=(5)
548 88
fi=(4)
111 88
+5 2
fi=(5)
427 1
fi=(4)
124 2
fi=(5)
339 18
fi=(4)
124 27
+12 9
+3 9
-3 9
fi=(5)
301 9
fi=(4)
139 9
-3 9
+1 18
fi=(5)
301 18
+8 90
+3 18
+27 45
fi=(3)
71 4
+1 2
+1 2
fi=(5)
359 18
+1 9
fe=(2)

fn=(54)
847 6
+1 6

fn=(118) map_doit
642 1
+2 1
-2 1
+2 1
+1 2
-1 2
+1 3
cfi=(26) ./elf/dl-load.c
cfn=(120) _dl_map_object
calls=1 1927 
* 2448
* 1
+2 2

fn=(32) dl_main
1127 1
+15 1
-15 4
2706 1
1127 6
+15 1
+4 2
+1 2
+5 2
2554 1
1127 1
2554 1
+7 1
1127 1
2561 2
1127 1
215 1
2561 1
216 1
2561 1
217 1
2561 1
-4 1
-1 2
+7 2
cfi=(15) ./elf/dl-environ.c
cfn=(34) _dl_next_ld_env_entry
calls=1 29 
* 38
* 6
cfi=(15)
cfn=(34)
calls=3 29 
* 244
* 12
+4 9
-2 3
+2 9
+1 3
-1 9
+1 25
-1 131
+9 18
2725 3
+32 3
1162 4
2652 3
+1 3
-24 3
+1 3
-33 2
+7 2
1370 7
cfi=(16) ./elf/dl-object.c
cfn=(36) _dl_new_object
calls=1 59 
* 291
* 1
+2 2
+1 1
+1 1
+5 2
-5 1
+1 3
+4 1
cfi=(16)
cfn=(50) _dl_add_to_namespace_list
calls=1 31 
* 32
+1 2
1136 1
1409 1
-3 1
-5 1
+8 1
-7 1
+2 1
+5 4
+56 1
1133 1
1465 2
-37 1
+22 1
+15 2
-55 99
+95 2
+1 2
+1 1
-98 21
1518 1
+3 1
+2 1
-5 2
+3 2
+2 2
+2 2
+13 3
+3 1
-2 1
+2 1
-2 2
+2 1
-2 2
cfi=(21)
cfn=(56)
calls=1 144 
* 24
* 2
+10 1
-3 1
-2 1
+3 1
+2 2
+1 2
+4 2
+2 2
fi=(3)
33 1
+9 2
+6 1
-2 1
+2 2
+15 1
+5 1
+3 1
-2 1
-2 1
-3 2
-1 24
+1 15
-16 5
+26 5
-26 11
+26 1
-26 2
+2 52
+17 20
-19 20
+26 20
-26 40
+33 3
+20 3
+1 4
+1 4
+1 4
+2 4
+5 4
+1 4
+1 4
+5 3
+5 2
+7 2
+1 3
+18 3
+14 3
+2 3
+1 2
+9 2
+5 2
+3 2
fe=(2)
1561 2
cfi=(6)
cfn=(10)
calls=1 964 
* 23
+3 2
fi=(22) ./elf/./setup-vdso.h
24 2
fi=(24) ./elf/../sysdeps/unix/sysv/linux/dl-vdso-setup.h
+21 1
fe=(2)
1589 2
cfi=(10) ./elf/../sysdeps/unix/sysv/linux/dl-sysdep.c
cfn=(66) _dl_discover_osversion
calls=1 46 
* 108
* 8
1414 1
-5 1
+5 2
-5 2
+29 1
-9 1
+27 1
-27 1
+2 1
-3 1
+10 2
-19 1
-10 1
+10 2
-10 2
+56 4
-1 4
+1 8
-1 4
+2 8
+1 1
+3 2
+1 2
-1 6
+1 6
+1 4
+1 10
-64 1
+65 1
-65 2
+92 1
-92 1
+92 1
-92 2
fi=(3)
65 5
+3 4
+3 4
+1 2
+1 2
fi=(23) ./elf/../sysdeps/unix/sysv/linux/dl-vdso.h
-33 1
+1 2
fe=(2)
1594 2
cfi=(26)
cfn=(70) _dl_init_paths
calls=1 681 
* 1841
+3 3
cfi=(32)
cfn=(96)
calls=1 49 
* 17
+7 1
-7 1
+2 1
+5 1
+4 1
+3 1
-3 3
+1 2
+3 1
+5 1
-7 1
+7 1
+18 2
+1 2
+5 1
-3 2
+2 1
+1 2
+5 3
+1 5
-1 2
+9 2
+6 2
1137 1
1660 1
+25 1
cfi=(33)
cfn=(98)
calls=1 169 
* 5
* 1
+8 3
+3 2
+4 3
+5 2
+1 1
cfi=(32)
cfn=(100)
calls=1 74 
* 1
+5 3
+16 3
+2 1
+2 2
+8 2
+15 3
cfi=(46)
cfn=(146)
calls=1 27 
* 8
* 2
+76 4
67 1
1850 1
67 2
1850 1
67 1
1850 6
cfi=(47) ./elf/dl-deps.c
cfn=(148) _dl_map_object_deps
calls=1 159 
* 13305
74 1
1855 1
74 2
+9 2
1855 2
+1 6
-1 4
+1 8
-1 16
+4 3
+1 3
+1 1
+2 2
+1 5
-1 13
+1 8
+12 1
+1 1
-1 2
+1 2
+2 1
+2 3
+2 1
-4 1
+5 1
-1 2
+14 2
+1 2
+1 3
+11 1
+1 1
-1 1
+2 4
-2 3
+2 1
cfi=(35) ./elf/dl-error-skeleton.c
cfn=(174) _dl_receive_error
calls=1 238 
* 5861
+10 1
+1 1
-1 1
+1 1
+3 2
856 1
fi=(191) ./elf/../sysdeps/unix/sysv/linux/dl-osinfo.h
64 2
fe=(2)
858 1
fi=(191)
77 1
fe=(2)
867 1
+7 1
-5 1
1931 3
2161 3
2604 4
+2 2
+1 1
1618 6
-11 4
fi=(24)
30 5
+3 1
+3 1
+3 1
fi=(23)
+16 2
fe=(2)
1649 2
+1 2
+1 1
2230 1
-13 1
+4 1
+6 1
-10 1
+10 1
-6 1
+9 2
+54 3
+3 1
67 2
2291 1
67 2
2292 23
+2 10
+5 10
+2 10
+6 5
+2 10
+1 32
cfi=(56) ./elf/dl-reloc.c
cfn=(190) _dl_relocate_object
calls=4 167 
* 82162
+4 12
+1 3
cfi=(33)
cfn=(324)
calls=1 944 
* 27
* 1
-12 1
+1 1
-3 3
74 3
+1 1
2323 1
75 1
2323 1
+2 1
+3 4
+2 1
+7 3
cfi=(33)
cfn=(358)
calls=1 494 
* 131
+3 2
+9 3
+2 4
67 1
2364 1
+1 3
67 3
2365 2
cfi=(56)
cfn=(190)
calls=1 167 
* 6823
74 3
+9 2
2375 1
cfi=(7)
cfn=(360) _dl_sysdep_start_cleanup
calls=1 259 
* 1
+4 3
+21 3
cfi=(32)
cfn=(96)
calls=1 49 
* 8
+1 1
+1 1
cfi=(32)
cfn=(100)
calls=1 74 
* 1
+5 1
cfi=(49) ./elf/dl-cache.c
cfn=(362) _dl_unload_cache
calls=1 349 
* 15
+5 8
1874 2
2653 2
+2 2
+1 1
1924 2
cfn=(182) init_tls
calls=1 735 
* 690
* 2
67 1
1735 1
67 2
1735 1
67 1
1735 2
cfn=(102) handle_preload_list
calls=1 897 
* 2916
* 1
74 3
+9 3
1834 5
+1 1
-1 2
+4 3
+1 1
+1 2
+1 2
-7 2

fn=(102)
897 7
+5 5
-4 1
+10 2
+7 1
201 1
917 2
201 2
919 2
+1 4
cfn=(106) do_preload
calls=1 807 
* 2567
* 1
-18 2
+3 3
cfi=(34) ./string/../sysdeps/x86_64/strcspn.S
cfn=(104) strcspn
calls=1 30 
* 271
* 1
+1 3
+2 4
cfi=(19)
cfn=(46) memcpy
calls=1 143 
* 26
+1 2
+14 9

fn=(176) version_check_doit
675 2
+2 4
cfi=(55)
cfn=(178)
calls=1 362 
* 5835
* 2
+4 2

fn=(182)
735 3
+2 1
+4 1
-4 1
+4 2
+11 1
-1 3
cfi=(18)
cfn=(40)
calls=1 92 
* 33
* 1
-4 1
+15 1
-12 1
+6 1
-9 1
+11 1
+4 1
+2 3
-1 3
+3 1
+4 1
-4 5
+4 4
-4 4
+4 1
+2 1
-2 1
+4 2
-9 1
-1 2
+1 4
-1 8
+10 2
+3 2
cfi=(33)
cfn=(184)
calls=1 69 
* 73
+3 1
cfi=(33)
cfn=(186)
calls=1 191 
* 73
+7 1
cfi=(33)
cfn=(188)
calls=1 389 
* 425
* 1
+1 2
+6 1
+3 2
-3 1
+3 6
+3 1
+3 5

fn=(52)
841 6
+1 6

fn=(106)
807 1
+12 1
-12 5
+10 1
-4 1
+6 2
-5 1
+5 2
-10 1
+6 1
+4 1
cfi=(35)
cfn=(110) _dl_catch_error
calls=1 225 
* 2538
* 1
+1 3
+8 3
+6 5

fl=(16)
fn=(50)
31 4
+2 4
-2 8
+2 4
-2 8
+2 4
cfi=(2)
cfn=(52)
calls=4 841 
* 8
+2 27
+3 36
+2 3
+2 3
+4 3
+4 3
+1 3
-5 6
+1 6
+1 3
+3 3
-3 3
+3 3
-1 3
cfi=(2)
cfn=(54)
calls=3 847 
* 6
-4 1
+4 1
+1 1
-5 2
+1 2
+1 1
+3 1
-3 1
+3 1
-1 1
cfi=(2)
cfn=(54)
calls=1 847 
* 2
-5 2

fn=(36)
59 40
+3 4
-3 8
+3 8
+15 3
+3 9
cfi=(13)
cfn=(28)
calls=3 +12 
* 92
+4 3
-4 6
+4 3
+5 15
cfi=(18)
cfn=(40)
calls=3 +3 
* 137
* 3
* 4
cfi=(18)
cfn=(40)
calls=1 +3 
* 40
* 1
* 4
+3 8
+4 4
+5 4
-6 4
+6 4
-5 4
+5 4
-5 4
+5 4
-1 4
+1 4
-1 4
+1 4
cfi=(19)
cfn=(46)
calls=4 +42 
* 59
* 4
+15 8
-15 4
+15 4
-13 4
+13 14
+6 1
+2 7
+3 2
-3 21
+3 6
+2 4
+4 4
+3 16
fi=(20) ./elf/../sysdeps/generic/ldsodefs.h
1222 3
fe=(16)
136 2
+2 1
-2 2
fi=(20)
1222 45
fe=(16)
136 30
+2 15
-2 30
+50 2
-34 2
-5 1
+5 1
-6 1
+6 1
-6 1
+6 8
-5 3
+5 3
-6 3
+6 3
-6 3
+6 6
+2 6
+3 6
-3 6
+7 12
+4 6
+8 2
+3 1
+10 2
-10 1
+10 1
-10 3
+10 6
-10 3
+10 3
+2 3
+21 3
-21 3
cfi=(13)
cfn=(28)
calls=3 -96 
* 128
+4 3
-4 9
+17 3
-13 9
+50 9
cfi=(19)
cfn=(76)
calls=3 130 
* 52
* 3
+5 6
+1 6
-1 100
+1 100
+2 6
+3 3
+3 3
+4 36
128 8
+37 9
-15 1
+7 4
+8 6
+31 6
cfi=(18)
cfn=(44)
calls=3 49 
* 72
* 3
* 3
+1 12
64 2
+1 6
+9 1
-5 2

fl=(30) ./string/../sysdeps/x86_64/multiarch/../strchr.S
fn=(88) index
24 10
+1 10
+1 10
+1 10
+1 10
+1 10
+1 10
+1 10
+1 10
+1 10
+1 10
+1 10
+1 10
+1 10
+1 10
+1 10
+1 10
+1 7
+4 7
+1 7
+1 7
+1 7
+2 7
+4 3
+1 3
+1 3
+1 3
+1 3
+1 3
+1 3
+1 3
+1 3
+1 3
+1 3
+1 3
+1 3
+1 3
+1 3
+1 3
+1 3
+1 3
+1 3
+1 3
+1 3
+1 3
+1 3
+1 4
+5 1
+1 1
+3 1
+1 1
+1 1
+1 1
+1 1
+1 1
+1 1
+1 1
+1 1
+1 1
+1 1
+1 1
+1 1
+1 1
+1 1
+1 1
+1 1
+1 1
+2 1
+1 1
+2 1
+1 1
+1 1
+1 1
+1 1
+1 1
+1 1
+1 1
+2 1
+1 1
+1 1
+1 1
+1 1
+1 1
+1 1
+1 1
+1 1
+1 1
+3 1
+4 1
+1 1
+1 1
+1 1
+2 1
-9 2
+4 2
+1 2
+1 2
+1 2
+2 2

fl=(98)
fn=(370) call_init.part.0
28 40
+8 5
-8 5
+11 5
-3 10
+3 15
+5 12
+5 6
+9 18
cob=(2)
cfi=(17)
cfn=(402) 0x0000000004850000
calls=1 -58 
* 6
cob=(3)
cfi=(100)
cfn=(382)
calls=1 -6 
* 86
cob=(2)
cfi=(17)
cfn=(372) 0x000000000482e000
calls=1 -58 
* 6
+3 3
+1 6
+6 3
+2 6
-2 6
+3 15
+1 12
cob=(4)
cfi=(107)
cfn=(406)
calls=1 -72 
* 11
cob=(3)
cfi=(104)
cfn=(392)
calls=1 +12 
* 11
cob=(5)
cfi=(99)
cfn=(376)
calls=1 -72 
* 11
* 4
cob=(3)
cfi=(105)
cfn=(394)
calls=1 488 
* 2372
-1 12
+3 30
-29 3
-5 3

fn=(368)
79 11
+1 1
+1 1
+3 3
+8 2
+25 1
+1 5
+1 2
-89 2
+89 8
-89 24
cfn=(370)
calls=4 -2 
* 2652
+88 15
+7 8
-95 3
cfn=(370)
calls=1 -2 
* 70
+57 2

fl=(7)
fn=(12)
89 8
+25 1
-1 1
+1 133
+6 1
-3 1
+1 1
-4 1
+3 1
+3 8
-29 1
-1 2
+30 20
+1 111
+61 1
+1 1
-1 1
+1 1
-63 79
+34 1
-34 2
+35 1
-35 2
+46 1
-46 1
+47 1
-1 1
-46 3
+40 1
-40 1
+41 1
-1 1
-40 3
+37 1
-37 2
+38 1
-38 3
+13 1
-13 2
+14 1
-14 2
+10 1
-10 2
+11 1
-11 2
+7 1
-7 4
+4 1
-4 4
223 1
cfi=(8)
cfn=(14) __GI___tunables_init
calls=1 +60 
* 19422
fi=(10)
36 2
cfi=(11) ./elf/../sysdeps/unix/sysv/linux/x86_64/brk.c
cfn=(20) brk
calls=1 -5 
* 9
fi=(12) ./elf/../sysdeps/x86/cpu-features.c
322 1
-13 1
+13 1
-12 1
+1 1
+11 1
+3 6
526 3
+1 1
+3 2
+1 1
+6 1
+6 1
-5 1
+5 1
-3 1
+3 1
-4 1
+4 1
cfi=(8)
cfn=(26)
calls=1 367 
* 17
+2 4
cfi=(8)
cfn=(26)
calls=1 367 
* 19
* 1
+2 3
-2 1
+2 1
cfi=(8)
cfn=(26)
calls=1 367 
* 19
* 1
+2 3
-2 1
+2 1
cfi=(8)
cfn=(26)
calls=1 367 
* 19
* 1
+12 1
-1 1
-11 1
+12 1
fe=(7)
234 3
+1 1
cfi=(13)
cfn=(28)
calls=1 92 
* 32
* 1
+2 2
cfi=(14) ./elf/../misc/sbrk.c
cfn=(30) sbrk
calls=1 32 
* 17
* 3
+12 3
+3 5
cfi=(2)
cfn=(32)
calls=1 1127 
* 115972
+1 1
+1 8
fi=(12)
565 3
+19 3
331 6
cfn=(24) get_common_indices.constprop.0
calls=1 71 
* 46
49 4
+1 2
+1 6
+5 2
+1 6
+5 2
+1 6
336 1
+1 1
-1 2
+3 1
+9 1
+58 1
-67 2
457 2
+10 2
+8 2
+64 1
329 1
-3 1
+15 4
+1 6
+51 1
+10 4
+60 3
fe=(7)

fn=(360)
259 1

fl=(8)
fn=(26)
367 126
+9 21
-9 82
+9 3
+17 105
+2 21
-9 18
+1 18

fn=(14)
283 8
-9 4
67 128
+6 41
-3 41
+3 3970
-6 82
358 8
77 82
+5 41
-9 41
-6 41
fi=(9) ./elf/dl-tunables.h
+52 41
fe=(8)
-37 123
fi=(9)
+38 102
-1 30
+5 10
-5 20
+1 102
fe=(8)
324 123
-12 5740
fi=(9)
119 738
fe=(8)
-52 369
fi=(9)
+52 1107
+1 56
-1 537
+1 1163
fe=(8)
306 4592
70 82

fl=(36) ./setjmp/../sysdeps/x86_64/setjmp.S
fn=(116) __sigsetjmp
32 6
+9 6
+1 12
+1 6
+4 6
+1 6
+1 6
+1 6
+1 6
+2 12
+2 6
+1 6
+3 12
+2 6
+19 6
+1 6

fl=(37)
fn=(158) _dl_sysdep_read_whole_file
44 1
+3 1
-3 6
+3 1
-3 1
+3 1
cfi=(38)
cfn=(126)
calls=1 -10 
* 18
+1 2
+23 7
-21 5
cfi=(41)
cfn=(134)
calls=1 -17 
* 10
* 2
+2 2
+3 2
+13 2
cfi=(45)
cfn=(144)
calls=1 -42 
* 5
* 1
-11 6
cfi=(42)
cfn=(136)
calls=1 -6 
* 19
* 2

fn=(122)
282 195
+1 78
cfi=(21)
cfn=(56)
calls=39 144 
* 1161
* 39
+1 39
-1 78
+3 39
+2 78
+4 39
-4 78
+1 141
cfi=(21)
cfn=(56)
calls=47 144 
* 1622
* 94
-5 8
+11 63
-1 31
+1 93

fl=(10)
fn=(66)
46 4
+2 3
+40 2
cfi=(25) ./posix/../sysdeps/unix/syscall-template.S
cfn=(68) uname
calls=1 +32 
* 5
+15 1
-15 2
+20 1
-1 1
+3 12
+4 3
-2 6
+2 11
+3 2
-1 2
+1 6
-3 8
+3 1
-1 1
+1 3
-3 4
+7 3
-1 3
+4 3
-2 3
+2 10
+8 1
+1 5
-4 2

fl=(117)
fn=(454)
66 20
+6 20
-6 10
+3 20
+3 30
-4 10
+5 10
+2 10
-2 50
+2 10
-2 10
+2 10
+5 20
+4 20
+4 30
+4 20
+1 40
-7 40
+16 10
-1 10
+1 20
+10 100
cfi=(6)
cfn=(198) _dl_lookup_symbol_x
calls=10 841 
* 6178
* 10
+4 50
+10 90
+7 10
+8 40
+4 30
fi=(5)
+97 10
fe=(117)
-93 40

fl=(163)
fn=(710)
30 8
+20 3
-3 6
+3 4
+3 2
cfi=(2)
cfn=(52)
calls=1 841 
* 2
+2 1
+3 2
+2 6
+8 1
-3 1
+8 1
-5 5
+5 1
+2 10
+2 10
+2 10
+1 5
+1 5
+4 5
-12 15
+14 6
+1 4
+6 3
cfi=(54)
cfn=(172)
calls=1 -66 
* 361
+10 2
cfi=(2)
cfn=(54)
calls=1 847 
* 2
+5 6
+2 1
+2 3
-2 4
+2 12
+3 10
+3 15
+4 6
+11 3
+1 3
-1 3
+2 3
-2 3
+2 3
-2 3
+3 15
+1 3
cob=(4)
cfi=(107)
cfn=(756)
calls=1 0 
* 92
cob=(5)
cfi=(99)
cfn=(738)
calls=1 0 
* 92
cob=(6)
cfi=(108)
cfn=(712)
calls=1 0 
* 92
-1 12
+5 9
+1 9
cob=(2)
cfi=(17)
cfn=(772) 0x00000000048e9c98
calls=1 0 
* 3
cob=(2)
cfi=(17)
cfn=(754) 0x000000000482e278
calls=1 0 
* 3
cob=(2)
cfi=(17)
cfn=(736) 0x000000000010aa44
calls=1 0 
* 3
+6 30
+19 5
-59 17
+11 6
-26 7
+80 6
+6 2
+7 8

fl=(35)
fn=(114) _dl_catch_exception
175 12
+5 6
-5 18
+5 6
-2 12
+21 6
+7 12
-7 6
+1 12
+3 12
+3 6
cfi=(36)
cfn=(116)
calls=6 32 
* 114
* 18
+2 18
cfi=(47)
cfn=(150) openaux
calls=5 61 
* 10861
cfi=(2)
cfn=(118)
calls=1 642 
* 2462
+2 6
-1 6
+1 6
-1 6
+1 12
+9 24

fn=(110)
225 9
+2 2
cfn=(114)
calls=1 -52 
* 2515
* 1
+1 2
+1 1
+1 1
-1 1
+1 1
+2 5

fn=(174)
238 5
+1 1
+1 1
+3 1
+1 1
+2 1
cfi=(2)
cfn=(176)
calls=1 675 
* 5845
+2 1
+1 1
+1 4

fl=(94) ./misc/../sysdeps/unix/syscall-template.S
fn=(364) munmap
117 4
+5 1

fn=(322) mprotect
117 20
+5 5

fl=(48) ./io/../sysdeps/unix/sysv/linux/wordsize-64/xstat.c
fn=(154) _xstat
33 24
+1 16
+1 32
+4 1
-4 28

fl=(14)
fn=(30)
32 4
+8 6
+4 2
+16 5

fl=(31) ./string/strdup.c
fn=(90) strdup
40 16
+1 4
cfi=(13)
cfn=(28)
calls=4 +51 
* 144
* 4
+1 8
cfi=(18)
cfn=(44)
calls=4 +7 
* 96
* 4
+2 8
+4 4
-1 12
+1 8
-1 4
cfi=(19)
cfn=(46)
calls=4 +96 
* 56

fl=(42)
fn=(136)
51 32
-3 64
+6 32
+5 96
+2 48
-7 12

fl=(56)
fn=(190)
167 50
+15 5
-15 10
+15 5
+1 25
+6 10
+6 25
-18 10
+22 10
+7 20
+40 5
fi=(5)
76 5
fe=(56)
246 10
fi=(5)
76 15
+6 8
+4 12
+14 4
-8 4
+8 8
+20 8
+7 8
+4 16
fe=(56)
274 158
-96 24
fi=(4)
48 4
-1 4
-1 4
+1 4
+1 4
+10 8
fe=(56)
274 1
-96 6
fi=(4)
48 1
-1 1
-1 1
+1 1
+1 1
+10 2
-10 5
-1 5
-1 5
+1 5
+1 5
+10 10
-7 4
-1 4
+11 20
fi=(5)
558 60
+4 60
+3 90
+1 30
fi=(4)
61 90
+2 344
+2 168
-4 168
+13 8
+1 10
+1 112
fi=(5)
558 56
+26 56
-1 112
-25 56
+26 112
+1 56
cob=(4)
cfi=(96)
cfn=(356)
calls=1 33 
* 15
cob=(4)
cfi=(96)
cfn=(354)
calls=1 33 
* 15
cob=(4)
cfi=(95)
cfn=(352)
calls=1 30 
* 8
cob=(4)
cfi=(97)
cfn=(350)
calls=1 32 
* 12
cob=(4)
cfi=(95)
cfn=(348)
calls=1 30 
* 8
cob=(4)
cfi=(97)
cfn=(346)
calls=1 32 
* 12
cob=(4)
cfi=(96)
cfn=(344)
calls=1 33 
* 15
cob=(4)
cfi=(95)
cfn=(342)
calls=1 30 
* 8
cob=(4)
cfi=(97)
cfn=(340)
calls=1 32 
* 12
cob=(4)
cfi=(95)
cfn=(338)
calls=1 30 
* 8
cob=(4)
cfi=(95)
cfn=(336)
calls=1 30 
* 8
cob=(4)
cfi=(95)
cfn=(334)
calls=1 30 
* 8
cob=(4)
cfi=(96)
cfn=(332)
calls=1 33 
* 15
cob=(4)
cfi=(95)
cfn=(330)
calls=1 30 
* 8
cob=(4)
cfi=(96)
cfn=(328)
calls=1 33 
* 15
cob=(4)
cfi=(95)
cfn=(326)
calls=1 30 
* 8
cob=(3)
cfi=(60)
cfn=(316)
calls=1 32 
* 11
cob=(3)
cfi=(63)
cfn=(312)
calls=1 32 
* 7
cob=(3)
cfi=(90)
cfn=(308)
calls=1 34 
* 9
cob=(3)
cfi=(58)
cfn=(304)
calls=1 37 
* 11
cob=(3)
cfi=(58)
cfn=(300)
calls=1 37 
* 11
cob=(3)
cfi=(76)
cfn=(298)
calls=1 30 
* 6
cob=(3)
cfi=(79)
cfn=(296)
calls=1 33 
* 9
cob=(3)
cfi=(63)
cfn=(292)
calls=1 32 
* 7
cob=(3)
cfi=(60)
cfn=(288)
calls=1 32 
* 11
cob=(3)
cfi=(63)
cfn=(284)
calls=1 32 
* 7
cob=(3)
cfi=(63)
cfn=(280)
calls=1 32 
* 7
cob=(3)
cfi=(83)
cfn=(278)
calls=1 41 
* 12
cob=(3)
cfi=(76)
cfn=(276)
calls=1 30 
* 6
cob=(3)
cfi=(82)
cfn=(274)
calls=1 37 
* 6
cob=(3)
cfi=(80)
cfn=(270)
calls=2 34 
* 16
cob=(3)
cfi=(79)
cfn=(268)
calls=1 33 
* 9
cob=(3)
cfi=(57)
cfn=(266)
calls=1 53 
* 20
cob=(3)
cfi=(58)
cfn=(262)
calls=1 37 
* 11
cob=(3)
cfi=(60)
cfn=(258)
calls=1 32 
* 11
cob=(3)
cfi=(76)
cfn=(256)
calls=1 30 
* 6
cob=(3)
cfi=(63)
cfn=(252)
calls=2 32 
* 14
cob=(3)
cfi=(66)
cfn=(248)
calls=2 32 
* 14
cob=(3)
cfi=(73)
cfn=(246)
calls=1 50 
* 21
cob=(3)
cfi=(72)
cfn=(244)
calls=1 42 
* 12
cob=(3)
cfi=(71)
cfn=(242)
calls=1 42 
* 14
cob=(3)
cfi=(69)
cfn=(238)
calls=1 34 
* 9
cob=(3)
cfi=(57)
cfn=(236)
calls=1 53 
* 20
cob=(3)
cfi=(66)
cfn=(232)
calls=1 32 
* 7
cob=(3)
cfi=(66)
cfn=(228)
calls=2 32 
* 14
cob=(3)
cfi=(63)
cfn=(224)
calls=1 32 
* 7
cob=(3)
cfi=(63)
cfn=(220)
calls=1 32 
* 7
cob=(3)
cfi=(58)
cfn=(216)
calls=1 37 
* 11
cob=(3)
cfi=(60)
cfn=(212)
calls=1 32 
* 11
cob=(3)
cfi=(58)
cfn=(208)
calls=1 37 
* 11
cob=(3)
cfi=(57)
cfn=(206)
calls=2 53 
* 40
fi=(4)
75 56
fi=(5)
586 56
fi=(4)
75 116
fe=(56)
274 40
+3 15
+24 5
+3 10
+17 10
196 10
fi=(4)
84 6
-1 6
+3 6
+12 6
-15 6
+3 6
+12 12
+10 8
+10 6
+3 10
+3 10
-74 4
fi=(5)
497 4
fi=(4)
51 4
fi=(5)
497 8
fi=(4)
127 456
+9 228
+1 114
-1 228
+1 114
+2 114
-2 114
+2 228
-1 228
fi=(5)
276 228
+21 228
+4 228
+7 456
fi=(20)
126 291
fi=(5)
308 1909
fi=(4)
138 94
fi=(5)
308 94
fi=(4)
138 94
fi=(5)
308 94
fi=(4)
138 94
fi=(5)
308 1316
cfi=(6)
cfn=(198)
calls=94 841 
* 56037
* 564
+1 291
+30 684
463 288
+1 96
fi=(4)
124 342
+19 16
fi=(5)
435 54
+4 72
+5 18
+9 18
-9 36
+9 36
fi=(4)
111 12
+1 4
fi=(5)
542 4
fi=(4)
112 4
fi=(5)
542 8
fi=(4)
112 1218
fi=(5)
542 1218
fi=(4)
112 1218
fi=(5)
542 2436
+5 2444
+1 1222
fi=(4)
111 1222
fi=(5)
548 2444
fi=(4)
111 2444
+7 12
-67 1
160 4
+2 20
+9 15
-1 30
fi=(5)
276 10
+21 10
+4 10
+7 20
fi=(20)
126 15
fi=(5)
308 165
cfi=(6)
cfn=(198)
calls=5 841 
* 2714
* 35
+1 15
+30 64
-30 156
+3 105
-3 105
+3 210
-4 21
+1 88
+3 88
-3 176
fe=(56)
-35 30
fi=(5)
+34 99
fe=(56)
+14 10
cfn=(320) _dl_protect_relro
calls=5 +7 
* 120
+1 40
-49 2
fi=(5)
463 15
+1 5
fi=(4)
160 15
+14 3
fi=(5)
309 1
+3 1
-3 1
+3 2
-3 1
+3 1
-3 2
fe=(56)

fn=(320)
329 5
-1 10
+1 20
+3 5
-3 5
+3 5
+4 10
+7 10
-6 15
cfi=(94)
cfn=(322)
calls=5 117 
* 25
* 10

fl=(25)
fn=(68)
120 4
+2 1

fl=(15)
fn=(34)
29 4
+3 51
+13 38
-13 76
+2 82
+1 18
+5 3
-3 3
+3 3
+2 3
+7 1

fl=(11)
fn=(20)
31 5
+2 2
+6 1
+1 1

fl=(6)
fn=(10)
964 15
+2 5
+2 10
+2 5
-1 5
+3 15
+1 5
+4 5
-3 5
+7 5
-7 5
+3 5
-1 5
+3 5
+2 5
-7 5
+7 5
+5 5

fn=(200) do_lookup_x
368 763
+1 109
-1 872
+48 109
-41 109
+76 109
-35 218
-16 1356
+8 452
-4 452
+1 452
+3 904
+1 1356
+3 452
+1 904
+7 452
-3 904
-2 452
+5 1808
+3 3164
571 1068
379 904
+3 904
+4 1808
+4 904
+4 904
+88 192
fi=(20)
126 288
fe=(6)
533 192
+3 724
+16 192
+1 96
+1 192
427 424
-1 212
+2 212
+2 104
+6 416
-6 104
+6 832
+7 333
-10 1035
+3 99
-1 99
+1 198
-1 99
+1 99
-1 99
+2 99
-1 99
+1 99
-1 990
cfn=(202) check_match
calls=99 75 
* 11601
+4 297
+3 6
574 13
+1 872
-35 33
-66 16
176 56
+5 768

fn=(202)
75 396
+3 99
-3 792
+3 198
+13 384
-13 384
+13 192
+3 308
cfi=(21)
cfn=(56)
calls=29 +50 
* 1355
* 58
+4 96
+1 192
+2 190
+19 190
+1 760
+39 96
+7 576
-18 2
+2 2
+1 1
-1 2
+1 3
-1 2
+16 18
-45 285
cfi=(21)
cfn=(56)
calls=95 +22 
* 4812
* 190
-44 12
+82 6

fn=(198)
841 981
582 109
841 436
582 327
-1 218
+2 109
-1 109
+1 327
-1 327
+1 1409
-1 1409
+1 4227
-1 4227
+2 109
847 109
-4 109
+8 109
-8 109
+1 218
+7 299
+5 109
+5 109
-7 109
+2 109
-2 109
+6 218
-7 654
+7 26
+29 13
-29 39
+1 1417
cfn=(200)
calls=109 368 
* 43079
* 327
+28 96
-23 218
+24 576
+40 96
-40 96
+40 384
+14 288
+3 288
+5 192
+2 981
-86 78
+17 13
+1 26
+59 2

fl=(27) ./elf/dl-hwcaps.c
fn=(72) _dl_important_hwcaps
42 5
+1 1
-1 5
+1 1
-1 1
+1 1
-1 1
+1 2
-1 1
+1 1
cfi=(8)
cfn=(26)
calls=1 367 
* 19
* 1
+2 1
+1 2
-1 1
+1 1
+9 1
-12 1
+12 5
+1 1
+1 1
-1 2
+1 1
-1 1
+73 1
-72 1
+72 1
-74 12
+10 3
185 1
+5 1
-5 1
+5 5
-2 2
-2 1
+2 1
-2 1
+2 2
-2 1
+2 1
-2 1
fi=(28) ./elf/../sysdeps/x86/dl-hwcap.h
57 6
fe=(27)
188 1
+1 1
cfi=(13)
cfn=(28)
calls=1 -97 
* 16
+1 1
+5 1
-5 2
-1 1
-4 1
+5 1
+5 1
+2 1
-7 1
-5 2
-37 2
+1 1
-1 6
+37 2
+8 3
+3 1
-1 1
+1 1
+4 1
+2 1
-2 3
+1 1
-1 1
+4 2
+4 2
-1 2
+4 7
+1 2
+18 11
+1 2
-1 1
+1 3
cfi=(18)
cfn=(44)
calls=1 49 
* 24
* 1
+1 4
-1 1
+1 3
+31 4
+10 3
+21 1
-21 1
+21 2
-21 1
+21 1
-28 2
+13 1
+3 1
-9 1
+10 1
-1 2
-3 1
-32 1
+36 5
-4 2
-3 1
+3 1
cfi=(19)
cfn=(76)
calls=1 130 
* 16
* 2
-3 1
+3 1
cfi=(19)
cfn=(76)
calls=1 130 
* 16
* 2
+3 2
-3 6
+3 5
+1 12
+1 2
-2 1
+2 1
cfi=(19)
cfn=(76)
calls=1 130 
* 14
* 2
-2 2
+5 6
cfi=(19)
cfn=(76)
calls=2 130 
* 28
* 4
+2 5
-7 4
+13 1
-1 1
+1 2
-1 2
+1 7
-1 7
+1 14
-1 16
+5 7
+3 2
-3 8
+3 10
+1 3
-1 3
+1 15
-1 9
+1 18
+1 24
-1 12
-1 12
+2 24
-1 24
-1 24
+4 9
+3 1
+1 1
+1 2
-2 1
+1 1
-1 1
+2 3
-1 1
+1 2
+3 2
+3 2
-6 2
+2 6
+3 1
+1 2
-6 2
+6 3
+7 8
+1 1
-1 2
+3 2
-3 3
+1 3
-1 6
+3 6
+3 4
+3 9
185 5
+29 1
+1 3
+1 1
-1 1
+1 1
-1 2
+2 2
+4 1
+3 3

fl=(47)
fn=(148)
159 2
+1 2
-1 2
+1 1
-1 1
+1 1
-1 1
+1 1
-1 4
+1 1
-8 1
+7 1
+1 1
-1 1
+1 1
-8 2
-6 1
+6 1
-7 1
+15 1
-16 1
+2 1
+6 1
+24 4
-28 3
-2 1
+31 1
-33 2
+2 2
+30 2
-30 1
-1 1
+1 1
+6 4
+24 2
-32 1
+60 1
-60 2
+36 1
+20 1
fi=(53) ./elf/../include/scratch_buffer.h
78 1
fe=(47)
180 1
fi=(53)
77 3
fe=(47)
198 1
+89 1
-89 1
+2 1
+9 1
+4 1
-4 1
+4 2
-4 4
+4 4
-4 4
+4 8
+11 16
-18 2
+18 2
433 10
+2 6
+3 3
-3 3
+3 6
cfi=(18)
cfn=(44)
calls=3 49 
* 72
* 3
* 3
+1 6
+6 3
+1 15
cfi=(19)
cfn=(46)
calls=3 143 
* 30
+1 18
cfi=(19)
cfn=(46)
calls=3 143 
* 30
+4 3
-1 3
+5 20
204 12
+22 3
+11 3
-5 3
-6 6
+5 3
+2 6
+1 6
+3 12
+66 3
-97 3
+97 3
-66 3
+66 9
-55 15
-2 5
+2 5
cfi=(35)
cfn=(114)
calls=5 -73 
* 11126
* 5
+1 10
+9 5
+2 10
+5 3
+6 3
+2 3
-8 6
+3 3
+1 3
+1 3
+1 3
+4 15
+4 10
+1 12
-43 320
+1 160
+6 20
cfi=(26)
cfn=(86) _dl_dst_count
calls=5 -13 
* 248
* 25
+38 225
fi=(53)
85 3
fe=(47)
464 6
+4 5
+11 4
cfi=(18)
cfn=(44)
calls=1 49 
* 24
* 1
* 1
+2 2
+5 2
+3 2
-3 4
+1 1
+2 1
+2 15
+4 15
+4 5
-10 15
+13 2
+51 3
+2 4
+35 6
cfi=(19)
cfn=(46)
calls=1 143 
* 18
+4 5
cfi=(54)
cfn=(172)
calls=1 28 
* 327
+3 1
+2 1
+1 1
-1 1
+2 2
+7 3
+3 2
+3 8
458 12
-1 5
+1 10
199 3
465 2
214 32
+3 3
fi=(53)
-86 9
cfi=(52) ./malloc/scratch_buffer_set_array_size.c
cfn=(168) __libc_scratch_buffer_set_array_size
calls=3 -97 
* 51
fe=(47)
+86 6
+4 6
554 2
380 8

fn=(150)
61 10
+7 5
-4 10
+1 5
-1 40
cfi=(26)
cfn=(120)
calls=5 1927 
* 10776
* 5
+5 10

fl=(26)
fn=(120)
1927 54
+8 12
+1 24
+3 93
+5 126
+2 54
cfi=(37)
cfn=(122)
calls=18 282 
* 1930
* 36
+4 30
+1 45
+3 6
+1 6
+1 6
-1 6
+1 6
cfi=(21)
cfn=(56)
calls=6 144 
* 194
* 12
2238 54
1974 3
-2 3
+2 6
-2 6
-43 3
+53 9
+36 6
-2 3
+2 3
cfi=(30)
cfn=(88)
calls=3 24 
* 69
* 6
2169 2
-1 3
cfn=(84) expand_dynamic_string_token
calls=1 378 
* 251
+2 1
-3 1
+1 1
+2 2
+4 6
cfn=(124) open_verify.constprop.0
calls=1 1466 
* 232
* 1
+3 2
+12 4
+46 1
+1 3
-1 1
+1 9
cfn=(130) _dl_map_object_from_fd
calls=1 866 
* 1601
-1 2
+1 6
-1 2
+1 18
cfn=(130)
calls=2 866 
* 3388
* 9
2022 4
cfi=(13)
cfn=(28)
calls=2 92 
* 32
* 4
+2 4
+7 8
+36 24
cfn=(152) open_path
calls=2 1779 
* 1654
+6 2
-6 2
+6 8
+88 4
+28 8
+2 8
2035 10
+8 8
-3 6
659 2
2041 2
659 6
2074 2
659 4
2055 8
+1 16
659 2
2057 2
659 4
2066 4
+1 4
+15 2
+14 4
+2 6
+4 4
cfi=(49)
cfn=(156) _dl_load_cache_lookup
calls=2 187 
* 2497
* 2
+2 4
+4 4
+8 6
+23 14
cfn=(124)
calls=2 1466 
* 470
+4 4
-4 2
+4 2
+1 4

fn=(80) fillin_rpath.isra.0
445 7
+4 1
-4 9
+6 3
cfi=(18)
cfn=(82)
calls=1 265 
* 284
* 3
cfi=(18)
cfn=(82)
calls=1 265 
* 9
* 6
+7 2
+2 3
cfn=(84)
calls=1 -82 
* 126
* 1
+4 2
+5 2
cfi=(13)
cfn=(28)
calls=1 92 
* 16
* 1
+1 2
+7 5
+9 17
+1 8
+55 2
+2 2
cob=(2)
cfi=(17)
cfn=(92) 0x0000000004001080
calls=1 0 
* 5
* 1
-39 2
+4 9
cfi=(18)
cfn=(44)
calls=1 49 
* 24
* 1
+2 3
-2 1
+2 1
+5 1
+1 3
-2 1
+2 1
cfi=(19)
cfn=(76)
calls=1 130 
* 12
+3 2
-3 1
+1 1
+2 1
+6 3
+1 1
-1 1
+1 3
+1 1
-1 3
+1 7
-1 21
+3 1
+1 1
-1 1
+1 1
+7 1
+1 2
-57 4
+23 2
+43 1
+3 8
-15 2

fn=(130)
866 33
+10 3
-10 3
+10 3
-10 6
+10 3
cfi=(32)
cfn=(96)
calls=3 49 
* 24
* 3
+7 12
+61 12
+10 6
+7 12
+33 6
877 3
997 21
cfi=(16)
cfn=(36)
calls=3 59 
* 1147
* 3
+1 6
+11 3
+5 3
-5 3
+1 6
+1 3
+2 3
-2 3
+2 6
+1 9
+1 6
+19 3
-2 3
+2 9
+8 3
-8 3
+8 6
-8 9
+8 3
-8 3
+8 6
+90 3
-6 3
-90 3
+30 3
+23 3
+43 3
-6 3
-91 3
+31 3
+66 3
-52 3
-50 6
+13 74
+17 2
+1 1
-19 81
+1 149
1144 3
1042 3
1144 3
+1 6
1042 9
1157 9
1010 6
1170 6
+10 6
fi=(43) ./elf/./dl-map-segments.h
56 6
fe=(26)
1180 9
fi=(43)
56 3
fe=(26)
1180 9
fi=(43)
56 6
-6 3
+6 6
-6 3
+6 3
cfi=(42)
cfn=(136)
calls=3 -5 
* 57
+4 6
-4 3
+4 3
+3 6
+1 3
+2 3
-3 3
+1 3
+2 3
+14 3
+2 3
fi=(44) ./elf/./dl-load.h
+8 24
+1 9
+2 24
fi=(43)
+11 48
+8 3
-2 3
+1 3
+2 3
-1 3
+1 3
-1 3
+3 6
+5 6
+3 6
+8 24
cfi=(29)
cfn=(78)
calls=3 -17 
* 283
+1 9
+5 6
+12 12
-59 60
+2 18
+2 9
-2 18
+2 72
cfi=(42)
cfn=(136)
calls=9 -43 
* 153
* 27
fe=(26)
1043 32
+23 36
+5 84
+10 24
-1 12
+4 24
-4 12
-1 12
+2 24
+2 12
-2 12
-1 12
+1 12
+1 12
-1 12
+2 12
+1 12
+4 24
+1 45
+5 9
-1 9
+1 9
-1 9
+1 36
-15 9
+15 18
+10 9
-10 3
-1 3
+1 3
-1 3
+1 12
-15 3
+15 6
+10 3
-55 6
+5 6
+1 12
+52 3
+4 1
+1 2
-58 1
+62 5
+1 1
+3 1
-3 1
+8 4
+15 6
+1 3
fi=(40) ./elf/../sysdeps/posix/dl-fileid.h
37 12
cfi=(41)
cfn=(134)
calls=3 -4 
* 30
* 6
fe=(26)
901 6
fi=(40)
40 3
+1 3
fe=(26)
901 3
fi=(40)
40 3
fe=(26)
901 3
fi=(40)
41 3
fe=(26)
901 36
+1 18
fi=(40)
49 24
fe=(26)
1417 27
920 6
1192 12
+9 9
fi=(3)
42 3
+6 3
-2 3
+2 6
+15 3
+5 3
+3 3
-2 3
-2 3
-3 6
-1 68
+1 42
-16 14
+26 14
-26 88
+26 60
-26 120
+2 148
+17 114
fi=(44)
+27 8
+2 2
-1 4
+1 2
-1 2
+1 2
-1 2
+1 2
-1 4
+3 8
fi=(3)
-33 15
+3 12
+3 12
+1 6
+1 6
+8 6
+20 11
+1 12
+1 12
+1 12
+2 12
+5 12
+1 11
+1 12
+5 9
+5 6
+7 6
+1 9
+18 9
+5 4
+2 4
+2 4
+2 4
+3 9
+2 3
+1 2
+9 2
+5 2
+3 6
fe=(26)
1208 6
+2 6
+19 9
+19 6
+2 15
+48 9
+1 2
+3 2
cfi=(45)
cfn=(144)
calls=1 26 
* 5
* 4
cfi=(45)
cfn=(144)
calls=2 26 
* 10
* 6
+9 6
+2 12
+2 6
+16 6
cfi=(6)
cfn=(10)
calls=3 964 
* 69
+4 6
+1 6
+17 6
+4 3
+5 3
-5 3
+5 3
+10 6
+9 6
+1 4
+5 1
cfi=(33)
cfn=(166)
calls=1 107 
* 6
* 1
+7 3
cfi=(16)
cfn=(50)
calls=1 31 
* 49
* 6
cfi=(16)
cfn=(50)
calls=2 31 
* 86
+4 9
-44 2
fi=(43)
141 8
cfi=(42)
cfn=(136)
calls=1 -90 
* 17
+3 2
fe=(26)
1207 4

fn=(86)
231 7
+3 7
-3 14
+7 7
-7 14
+3 7
cfi=(30)
cfn=(88)
calls=7 24 
* 274
+3 14
+20 49

fn=(124)
1466 132
+39 12
-39 12
+39 24
+31 48
cfi=(38)
cfn=(126)
calls=12 37 
* 243
* 12
+2 24
+11 3
+6 6
-5 3
+5 24
cfi=(39)
cfn=(128)
calls=3 26 
* 15
+2 6
+2 6
+2 6
+6 6
+16 27
-65 9
1765 108
1583 21
+74 6
+5 6
+2 12
+6 6
+6 3
+1 3
-1 9
+1 9
+1 6
+20 12
1543 6
1698 126
+1 55
+1 12
+4 12
+17 3
+8 30
+15 4
+6 6
-3 2
+1 2
+3 2
-3 4
+1 2
-1 2
-1 2
+4 4
1583 6
1761 6
cob=(2)
cfi=(17)
cfn=(92)
calls=3 0 
* 15
* 3
-29 27
-1 3
+4 9
+5 2
+1 4
-36 11

fn=(70)
681 1
+13 2
-13 8
+13 3
cfi=(27)
cfn=(72)
calls=1 42 
* 733
+5 1
-5 1
+5 1
cfi=(18)
cfn=(44)
calls=1 49 
* 24
* 1
-1 1
+2 2
+7 2
+1 4
-1 3
+4 4
cfi=(18)
cfn=(44)
calls=1 49 
* 24
* 1
* 2
+2 2
+7 1
+10 1
-2 2
+2 1
+3 2
+9 1
-7 1
+7 2
-3 1
-20 1
+12 1
+3 1
+8 1
-3 1
+1 16
cfi=(29)
cfn=(78)
calls=4 114 
* 48
+2 18
-14 3
+10 3
-10 3
+14 3
-12 6
+4 3
+4 3
-7 3
+3 3
+1 3
-2 3
+5 3
+1 3
-4 3
+4 3
+14 1
-11 1
+6 1
+1 1
+5 2
+2 4
+2 3
+38 5
-19 1
-2 1
+2 2
+21 3
cfi=(13)
cfn=(28)
calls=1 92 
* 16
* 8
cfi=(19)
cfn=(46)
calls=1 143 
* 10
* 1
+5 4
-1 2
+2 1
+1 1
-1 15
+1 13
-1 26
-1 56
+5 2
cfi=(18)
cfn=(44)
calls=1 49 
* 24
* 1
-1 1
+1 1
+1 2
+6 6
cfn=(80)
calls=1 445 
* 645
+3 3
+6 1
+4 8
-37 2

fn=(152)
1779 16
+1 2
-1 12
+1 2
+6 4
+5 4
-7 2
+7 2
-8 2
+8 12
+3 6
+9 12
+7 6
-12 2
+13 2
-1 2
cfi=(19)
cfn=(76)
calls=2 130 
* 24
* 2
+47 6
+8 4
-54 67
+3 27
-3 7
+3 21
+4 72
cfi=(19)
cfn=(76)
calls=9 130 
* 116
* 36
cfi=(19)
cfn=(76)
calls=9 130 
* 108
+3 18
+3 27
+3 63
cfn=(124)
calls=9 1466 
* 477
* 9
+2 27
+2 16
+65 14
+7 4
-2 2
+2 6
+3 6
-13 2
+27 18
1811 35
+44 4
+2 6
-21 40
+1 64
+6 16
+2 16
-2 24
+2 16
cfi=(48)
cfn=(154)
calls=8 33 
* 101
* 8
+3 8
-3 16
+1 1
+2 1
-2 1
+2 30

fn=(84)
378 6
+10 2
-10 8
+10 2
cfn=(86)
calls=2 231 
* 145
+3 4
+12 2
-11 2
+11 8
-11 2
cfi=(31)
cfn=(90)
calls=2 40 
* 196

fl=(19)
fn=(46)
143 19
+6 19
+1 19
+1 12
+1 12
+5 8
+1 8
+1 8
+1 8
+3 8
313 7
+1 7
+1 1
+1 1
+1 1
+1 1
+1 1
+1 1
+1 1
+2 1
+21 6
+1 6
+1 6
+1 6
+1 6
+24 4
+1 4
+1 4
+1 4
+2 3
+1 3
+1 3
+1 3
+1 3
+1 3
+1 3
+1 3
+1 3
+1 3
+1 3
+1 3
+1 3
+1 3
+1 3
+1 3
+1 3
+3 1
+1 1
+1 1
+1 1
+1 1
+1 1
+1 1
+1 1
+1 1

fn=(76)
130 30
+1 30
+1 30
+17 30
+1 30
+1 5
+1 5
+5 4
+1 4
+1 4
+1 4
+3 4
313 25
+1 25
+1 10
+1 10
+1 4
+1 4
+1 2
+4 2
+21 15
+1 15
+1 15
+1 15
+1 15
+3 6
+1 6
+1 6
+1 6
+1 6
+3 2
+1 2
+1 2
+1 2
+1 2
+10 1
+1 1
+1 1
+1 1
+2 1
+1 1
+1 1
+1 1
+1 1
+1 1
+1 1
+1 1
+1 1
+1 1
+1 1
+1 1
+1 1
+1 1
+1 1
+1 1
+1 1

fl=(29)
fn=(78)
114 80
+6 16
+1 16
+1 6
+1 6
+2 4
+1 4
+1 4
+62 2
+1 2
+13 2
+1 2
+1 2
+1 2
+1 2
+1 2
+1 2
+1 2
+1 2
+1 2
+1 2
+1 2
+1 2
+1 2
+2 34
+1 34
+1 34
+1 34
+1 34
+1 34
+1 34
+1 2
+14 10
+1 10
+1 10
+1 6
+1 6
+1 2
+1 2
+21 4
+1 4
+1 4
+3 4
+1 4
+1 4
+3 2
+1 2
+1 2

fl=(34)
fn=(104)
30 1
+7 1
+1 1
+2 1
+1 1
+1 1
+1 1
+1 33
+3 2
+7 1
+1 1
+1 1
+1 1
+2 1
+1 1
+1 1
+1 1
+2 1
+1 1
+1 1
+9 3
+12 1
+2 1
+1 1
+1 1
-4 16
+2 16
+1 16
+1 16
+2 16
+1 16
+1 16
+2 16
+1 16
+1 16
+2 16
+1 16
+1 16
+6 1
+7 1
+4 1

fl=(52)
fn=(168)
34 3
-4 3
+1 3
+3 3
-3 3
-1 3
+5 3
-5 6
+5 3
+11 3
-1 6
+18 12

fl=(49)
fn=(362)
349 4
-1 1
+3 2
cfi=(94)
cfn=(364)
calls=1 117 
* 5
+1 1
+2 2

fn=(156)
187 18
+8 4
+3 6
+66 3
+6 1
+9 1
-9 3
+9 1
-9 2
+11 2
-2 2
fi=(51) ./elf/../sysdeps/x86/dl-procinfo.h
39 4
+3 6
cfi=(21)
cfn=(56)
calls=2 144 
* 84
* 14
cfi=(21)
cfn=(56)
calls=2 144 
* 70
* 10
fe=(49)
285 8
cfi=(8)
cfn=(26)
calls=2 +82 
* 38
* 4
+8 4
+15 210
cfn=(164) _dl_cache_libcmp
calls=15 142 
* 1086
* 70
+31 4
-31 28
cfn=(164)
calls=3 142 
* 284
* 19
-15 4
+1 6
+14 2
-15 4
+15 64
+16 4
+4 4
+8 6
cfi=(13)
cfn=(28)
calls=2 92 
* 68
+1 2
-1 12
+1 2
cfi=(19)
cfn=(46)
calls=2 143 
* 20
* 2
+1 2
cfi=(31)
cfn=(90)
calls=2 40 
* 172
+1 16
201 4
cfi=(37)
cfn=(158)
calls=1 44 
* 94
* 1
+8 5
+1 8
fi=(50) ./elf/../sysdeps/generic/dl-cache.h
-58 1
+1 5
fe=(49)
+65 1
+1 2

fn=(164)
142 54
+4 94
-2 94
+2 94
-2 188
+20 182
+2 182
-24 76
+28 76
+1 76
-29 152
+4 6
+8 3
-2 6
+1 6
+1 6
-2 3
+2 3
+2 9
-3 3
+3 3
+2 6
cfn=(165) _dl_cache_libcmp'2
calls=3 -16 
* 18
+9 30

fn=(165)
142 9
+32 9

fl=(12)
fn=(24)
71 2
+4 4
+3 3
+4 2
-4 1
+4 1
-4 1
+3 1
+1 1
+1 4
+1 4
+1 3
+1 2
+7 2
+1 3
+6 1
-6 4
+6 1
+8 3
291 3

ob=(2)
fl=(17)
fn=(754)
0 3

fn=(92)
0 4
cob=(1)
cfi=(18)
cfn=(94)
calls=4 111 
0 16

fn=(762)
0 1
cob=(3)
cfi=(164)
cfn=(720)
calls=1 30 
0 74

fn=(372)
0 6

fn=(744)
0 1
cob=(3)
cfi=(164)
cfn=(720)
calls=1 30 
0 74

fn=(482)
0 8
cob=(3)
cfi=(127)
cfn=(484)
calls=8 3031 
0 76022

fn=(718)
0 1
cob=(3)
cfi=(164)
cfn=(720)
calls=1 30 
0 74

fn=(688)
0 6
cob=(3)
cfi=(127)
cfn=(690)
calls=6 3087 
0 606

fn=(772)
0 3

fn=(402)
0 6

fn=(428)
0 6

fn=(736)
0 3

totals: 889235259
