1 4 37 20 55 6 47 22 
38 19 2 5 48 21 54 7 
3 36 49 56 59 62 23 46 
18 39 60 63 50 57 8 53 
35 14 43 58 61 52 45 24 
40 17 64 51 44 27 30 9 
13 34 15 42 11 32 25 28 
16 41 12 33 26 29 10 31 
71 7
23 44 7 48 21 42 5 2 
8 49 22 43 6 3 20 41 
45 24 47 54 61 56 1 4 
50 9 62 57 64 53 40 19 
25 46 51 60 55 58 15 36 
10 31 28 63 52 37 18 39 
29 26 33 12 59 16 35 14 
32 11 30 27 34 13 38 17 
64 0
2 5 42 21 50 7 44 23 
41 20 3 6 43 22 49 8 
4 1 60 51 62 47 24 45 
19 40 57 64 59 52 9 48 
36 15 54 61 56 63 46 25 
39 18 37 58 53 28 31 10 
14 35 16 55 12 33 26 29 
17 38 13 34 27 30 11 32 
72 8
26 49 10 45 24 3 8 5 
11 46 25 60 9 6 23 2 
50 27 48 57 44 1 4 7 
47 12 59 64 61 56 43 22 
28 51 62 55 58 53 18 39 
13 34 31 52 63 40 21 42 
32 29 36 15 54 19 38 17 
35 14 33 30 37 16 41 20 
73 9
