79 40 113 2 81 42 111 4 83 44 109 6 85 46 107 8 87 12 49 10 
114 1 80 41 112 3 82 43 110 5 84 45 108 7 86 47 106 9 88 13 
39 78 149 152 155 162 185 252 165 188 183 250 167 172 181 174 169 48 11 50 
148 115 156 161 150 153 164 187 184 251 166 189 182 249 168 171 178 105 14 89 
77 38 151 154 163 186 253 282 285 344 327 280 321 190 173 180 175 170 51 104 
116 147 160 157 230 283 286 345 342 281 322 371 328 279 248 177 192 179 90 15 
37 76 229 256 159 254 341 284 377 372 343 326 323 320 191 278 247 176 103 52 
146 117 158 231 228 287 346 373 388 393 376 399 370 329 324 319 270 193 16 91 
75 36 257 288 255 340 351 378 375 398 385 394 325 318 331 316 277 246 53 102 
118 145 232 227 352 347 374 387 392 389 400 369 330 315 276 271 194 269 92 17 
35 74 289 258 339 350 379 390 397 386 381 384 395 358 317 332 245 272 101 54 
144 119 226 233 348 353 362 365 380 391 396 359 368 383 314 275 268 195 18 93 
73 34 217 290 259 338 349 354 361 364 367 382 357 310 333 312 273 244 55 100 
120 143 234 225 218 291 300 363 366 355 360 309 334 313 274 305 196 267 94 19 
33 72 219 216 235 260 337 298 293 302 335 356 307 304 311 266 243 204 99 56 
142 121 224 213 222 299 292 301 336 297 308 303 240 265 306 203 200 197 20 95 
71 32 215 220 211 236 261 294 209 238 263 296 207 202 199 242 205 96 57 98 
122 141 212 223 214 221 210 237 262 295 208 239 264 241 206 201 198 131 60 21 
31 70 139 124 29 68 137 126 27 66 135 128 25 64 133 130 23 62 97 58 
140 123 30 69 138 125 28 67 136 127 26 65 134 129 24 63 132 59 22 61 
6491 6091
59 62 21 98 95 64 19 100 93 66 17 102 91 68 15 104 89 70 13 106 
22 97 60 63 20 99 94 65 18 101 92 67 16 103 90 69 14 105 88 71 
61 58 135 96 221 228 255 266 289 262 257 268 179 260 181 172 177 174 107 12 
136 23 222 229 224 265 288 263 256 267 290 261 258 269 178 175 182 171 72 87 
57 134 225 220 227 254 307 332 351 344 305 330 291 180 259 184 173 176 11 108 
24 137 230 223 308 287 264 345 306 331 352 361 304 329 270 273 170 183 86 73 
133 56 219 226 253 346 333 350 343 362 379 376 353 292 303 294 185 272 109 10 
138 25 252 231 286 309 372 363 380 377 374 383 360 301 328 271 274 169 74 85 
55 132 285 218 347 334 349 342 373 384 381 378 375 354 293 302 295 186 9 110 
26 139 232 251 310 339 364 371 392 395 388 385 382 359 300 327 168 275 84 75 
131 54 217 284 335 348 341 396 389 398 391 394 387 400 355 318 187 296 111 8 
140 27 250 233 340 311 338 365 370 393 386 399 358 319 326 299 276 167 76 83 
53 130 239 216 283 336 247 312 397 390 367 320 325 356 317 206 297 188 7 112 
28 141 234 249 240 237 282 337 366 369 324 357 316 207 298 277 166 157 82 77 
129 52 215 238 235 248 313 246 323 280 315 368 321 278 205 158 189 80 113 6 
142 29 198 145 212 241 236 281 314 245 322 279 208 163 192 165 156 159 78 81 
51 128 143 214 197 200 211 242 195 202 209 244 193 204 161 190 79 154 5 114 
30 125 146 199 144 213 196 201 210 243 194 203 162 191 164 155 160 39 2 41 
127 50 123 32 147 48 121 34 149 46 119 36 151 44 117 38 153 42 115 4 
124 31 126 49 122 33 148 47 120 35 150 45 118 37 152 43 116 3 40 1 
588 188
5 2 7 44 81 120 41 78 83 154 39 76 85 152 37 74 87 150 35 72 
8 45 4 1 42 79 82 119 40 77 84 153 38 75 86 151 36 73 88 149 
3 6 43 80 121 118 233 252 155 264 231 254 261 186 229 188 181 184 71 34 
46 9 122 117 234 251 156 265 232 253 260 263 230 255 182 185 226 189 148 89 
123 116 235 250 157 266 303 324 271 362 301 274 259 262 187 228 183 180 33 70 
10 47 158 267 304 323 270 343 302 349 272 363 300 275 256 225 190 227 90 147 
115 124 249 236 269 344 325 348 361 342 365 350 273 258 299 276 179 224 69 32 
48 11 268 159 322 305 368 359 366 385 376 341 364 351 296 257 278 191 146 91 
125 114 237 248 345 326 347 384 377 360 389 386 375 340 277 298 223 178 31 68 
12 49 160 321 306 369 358 367 390 387 396 399 352 297 336 295 192 279 92 145 
113 126 247 238 327 346 383 378 395 400 391 388 397 374 339 334 177 222 67 30 
50 13 240 161 320 307 370 357 382 379 398 353 392 335 294 337 280 193 144 93 
127 112 207 246 239 328 319 308 371 394 355 380 373 338 333 292 221 176 29 66 
14 51 162 241 208 309 244 329 356 381 372 393 354 293 314 281 194 219 94 143 
111 128 209 206 245 242 287 318 311 330 289 316 313 332 291 220 175 196 65 28 
52 15 166 163 212 203 310 243 288 317 312 331 290 315 282 195 218 139 142 95 
129 110 205 210 165 168 213 286 201 170 215 284 199 172 217 140 197 174 27 64 
16 53 164 167 204 211 202 169 214 285 200 171 216 283 198 173 138 141 96 99 
109 130 55 18 107 132 57 20 105 134 59 22 103 136 61 24 101 98 63 26 
54 17 108 131 56 19 106 133 58 21 104 135 60 23 102 137 62 25 100 97 
433 33
79 40 113 2 81 42 111 4 83 44 109 6 85 46 107 8 87 12 49 10 
114 1 80 41 112 3 82 43 110 5 84 45 108 7 86 47 106 9 88 13 
39 78 149 152 155 162 185 252 165 188 183 250 167 172 181 174 169 48 11 50 
148 115 156 161 150 153 164 187 184 251 166 189 182 249 168 171 178 105 14 89 
77 38 151 154 163 186 253 282 285 344 327 280 321 190 173 180 175 170 51 104 
116 147 160 157 230 283 286 345 342 281 322 371 328 279 248 177 192 179 90 15 
37 76 229 256 159 254 341 284 377 372 343 326 323 320 191 278 247 176 103 52 
146 117 158 231 228 287 346 373 388 393 376 399 370 329 324 319 270 193 16 91 
75 36 257 288 255 340 351 378 375 398 385 394 325 318 331 316 277 246 53 102 
118 145 232 227 352 347 374 387 392 389 400 369 330 315 276 271 194 269 92 17 
35 74 289 258 339 350 379 390 397 386 381 384 395 358 317 332 245 272 101 54 
144 119 226 233 348 353 362 365 380 391 396 359 368 383 314 275 268 195 18 93 
73 34 217 290 259 338 349 354 361 364 367 382 357 310 333 312 273 244 55 100 
120 143 234 225 218 291 300 363 366 355 360 309 334 313 274 305 196 267 94 19 
33 72 219 216 235 260 337 298 293 302 335 356 307 304 311 266 243 204 99 56 
142 121 224 213 222 299 292 301 336 297 308 303 240 265 306 203 200 197 20 95 
71 32 215 220 211 236 261 294 209 238 263 296 207 202 199 242 205 96 57 98 
122 141 212 223 214 221 210 237 262 295 208 239 264 241 206 201 198 131 60 21 
31 70 139 124 29 68 137 126 27 66 135 128 25 64 133 130 23 62 97 58 
140 123 30 69 138 125 28 67 136 127 26 65 134 129 24 63 132 59 22 61 
6491 6091
59 62 21 98 95 64 19 100 93 66 17 102 91 68 15 104 89 70 13 106 
22 97 60 63 20 99 94 65 18 101 92 67 16 103 90 69 14 105 88 71 
61 58 135 96 221 228 255 266 289 262 257 268 179 260 181 172 177 174 107 12 
136 23 222 229 224 265 288 263 256 267 290 261 258 269 178 175 182 171 72 87 
57 134 225 220 227 254 307 332 351 344 305 330 291 180 259 184 173 176 11 108 
24 137 230 223 308 287 264 345 306 331 352 361 304 329 270 273 170 183 86 73 
133 56 219 226 253 346 333 350 343 362 379 376 353 292 303 294 185 272 109 10 
138 25 252 231 286 309 372 363 380 377 374 383 360 301 328 271 274 169 74 85 
55 132 285 218 347 334 349 342 373 384 381 378 375 354 293 302 295 186 9 110 
26 139 232 251 310 339 364 371 392 395 388 385 382 359 300 327 168 275 84 75 
131 54 217 284 335 348 341 396 389 398 391 394 387 400 355 318 187 296 111 8 
140 27 250 233 340 311 338 365 370 393 386 399 358 319 326 299 276 167 76 83 
53 130 239 216 283 336 247 312 397 390 367 320 325 356 317 206 297 188 7 112 
28 141 234 249 240 237 282 337 366 369 324 357 316 207 298 277 166 157 82 77 
129 52 215 238 235 248 313 246 323 280 315 368 321 278 205 158 189 80 113 6 
142 29 198 145 212 241 236 281 314 245 322 279 208 163 192 165 156 159 78 81 
51 128 143 214 197 200 211 242 195 202 209 244 193 204 161 190 79 154 5 114 
30 125 146 199 144 213 196 201 210 243 194 203 162 191 164 155 160 39 2 41 
127 50 123 32 147 48 121 34 149 46 119 36 151 44 117 38 153 42 115 4 
124 31 126 49 122 33 148 47 120 35 150 45 118 37 152 43 116 3 40 1 
588 188
5 2 7 44 81 120 41 78 83 154 39 76 85 152 37 74 87 150 35 72 
8 45 4 1 42 79 82 119 40 77 84 153 38 75 86 151 36 73 88 149 
3 6 43 80 121 118 233 252 155 264 231 254 261 186 229 188 181 184 71 34 
46 9 122 117 234 251 156 265 232 253 260 263 230 255 182 185 226 189 148 89 
123 116 235 250 157 266 303 324 271 362 301 274 259 262 187 228 183 180 33 70 
10 47 158 267 304 323 270 343 302 349 272 363 300 275 256 225 190 227 90 147 
115 124 249 236 269 344 325 348 361 342 365 350 273 258 299 276 179 224 69 32 
48 11 268 159 322 305 368 359 366 385 376 341 364 351 296 257 278 191 146 91 
125 114 237 248 345 326 347 384 377 360 389 386 375 340 277 298 223 178 31 68 
12 49 160 321 306 369 358 367 390 387 396 399 352 297 336 295 192 279 92 145 
113 126 247 238 327 346 383 378 395 400 391 388 397 374 339 334 177 222 67 30 
50 13 240 161 320 307 370 357 382 379 398 353 392 335 294 337 280 193 144 93 
127 112 207 246 239 328 319 308 371 394 355 380 373 338 333 292 221 176 29 66 
14 51 162 241 208 309 244 329 356 381 372 393 354 293 314 281 194 219 94 143 
111 128 209 206 245 242 287 318 311 330 289 316 313 332 291 220 175 196 65 28 
52 15 166 163 212 203 310 243 288 317 312 331 290 315 282 195 218 139 142 95 
129 110 205 210 165 168 213 286 201 170 215 284 199 172 217 140 197 174 27 64 
16 53 164 167 204 211 202 169 214 285 200 171 216 283 198 173 138 141 96 99 
109 130 55 18 107 132 57 20 105 134 59 22 103 136 61 24 101 98 63 26 
54 17 108 131 56 19 106 133 58 21 104 135 60 23 102 137 62 25 100 97 
433 33
79 40 113 2 81 42 111 4 83 44 109 6 85 46 107 8 87 12 49 10 
114 1 80 41 112 3 82 43 110 5 84 45 108 7 86 47 106 9 88 13 
39 78 149 152 155 162 185 252 165 188 183 250 167 172 181 174 169 48 11 50 
148 115 156 161 150 153 164 187 184 251 166 189 182 249 168 171 178 105 14 89 
77 38 151 154 163 186 253 282 285 344 327 280 321 190 173 180 175 170 51 104 
116 147 160 157 230 283 286 345 342 281 322 371 328 279 248 177 192 179 90 15 
37 76 229 256 159 254 341 284 377 372 343 326 323 320 191 278 247 176 103 52 
146 117 158 231 228 287 346 373 388 393 376 399 370 329 324 319 270 193 16 91 
75 36 257 288 255 340 351 378 375 398 385 394 325 318 331 316 277 246 53 102 
118 145 232 227 352 347 374 387 392 389 400 369 330 315 276 271 194 269 92 17 
35 74 289 258 339 350 379 390 397 386 381 384 395 358 317 332 245 272 101 54 
144 119 226 233 348 353 362 365 380 391 396 359 368 383 314 275 268 195 18 93 
73 34 217 290 259 338 349 354 361 364 367 382 357 310 333 312 273 244 55 100 
120 143 234 225 218 291 300 363 366 355 360 309 334 313 274 305 196 267 94 19 
33 72 219 216 235 260 337 298 293 302 335 356 307 304 311 266 243 204 99 56 
142 121 224 213 222 299 292 301 336 297 308 303 240 265 306 203 200 197 20 95 
71 32 215 220 211 236 261 294 209 238 263 296 207 202 199 242 205 96 57 98 
122 141 212 223 214 221 210 237 262 295 208 239 264 241 206 201 198 131 60 21 
31 70 139 124 29 68 137 126 27 66 135 128 25 64 133 130 23 62 97 58 
140 123 30 69 138 125 28 67 136 127 26 65 134 129 24 63 132 59 22 61 
6491 6091
59 62 21 98 95 64 19 100 93 66 17 102 91 68 15 104 89 70 13 106 
22 97 60 63 20 99 94 65 18 101 92 67 16 103 90 69 14 105 88 71 
61 58 135 96 221 228 255 266 289 262 257 268 179 260 181 172 177 174 107 12 
136 23 222 229 224 265 288 263 256 267 290 261 258 269 178 175 182 171 72 87 
57 134 225 220 227 254 307 332 351 344 305 330 291 180 259 184 173 176 11 108 
24 137 230 223 308 287 264 345 306 331 352 361 304 329 270 273 170 183 86 73 
133 56 219 226 253 346 333 350 343 362 379 376 353 292 303 294 185 272 109 10 
138 25 252 231 286 309 372 363 380 377 374 383 360 301 328 271 274 169 74 85 
55 132 285 218 347 334 349 342 373 384 381 378 375 354 293 302 295 186 9 110 
26 139 232 251 310 339 364 371 392 395 388 385 382 359 300 327 168 275 84 75 
131 54 217 284 335 348 341 396 389 398 391 394 387 400 355 318 187 296 111 8 
140 27 250 233 340 311 338 365 370 393 386 399 358 319 326 299 276 167 76 83 
53 130 239 216 283 336 247 312 397 390 367 320 325 356 317 206 297 188 7 112 
28 141 234 249 240 237 282 337 366 369 324 357 316 207 298 277 166 157 82 77 
129 52 215 238 235 248 313 246 323 280 315 368 321 278 205 158 189 80 113 6 
142 29 198 145 212 241 236 281 314 245 322 279 208 163 192 165 156 159 78 81 
51 128 143 214 197 200 211 242 195 202 209 244 193 204 161 190 79 154 5 114 
30 125 146 199 144 213 196 201 210 243 194 203 162 191 164 155 160 39 2 41 
127 50 123 32 147 48 121 34 149 46 119 36 151 44 117 38 153 42 115 4 
124 31 126 49 122 33 148 47 120 35 150 45 118 37 152 43 116 3 40 1 
588 188
5 2 7 44 81 120 41 78 83 154 39 76 85 152 37 74 87 150 35 72 
8 45 4 1 42 79 82 119 40 77 84 153 38 75 86 151 36 73 88 149 
3 6 43 80 121 118 233 252 155 264 231 254 261 186 229 188 181 184 71 34 
46 9 122 117 234 251 156 265 232 253 260 263 230 255 182 185 226 189 148 89 
123 116 235 250 157 266 303 324 271 362 301 274 259 262 187 228 183 180 33 70 
10 47 158 267 304 323 270 343 302 349 272 363 300 275 256 225 190 227 90 147 
115 124 249 236 269 344 325 348 361 342 365 350 273 258 299 276 179 224 69 32 
48 11 268 159 322 305 368 359 366 385 376 341 364 351 296 257 278 191 146 91 
125 114 237 248 345 326 347 384 377 360 389 386 375 340 277 298 223 178 31 68 
12 49 160 321 306 369 358 367 390 387 396 399 352 297 336 295 192 279 92 145 
113 126 247 238 327 346 383 378 395 400 391 388 397 374 339 334 177 222 67 30 
50 13 240 161 320 307 370 357 382 379 398 353 392 335 294 337 280 193 144 93 
127 112 207 246 239 328 319 308 371 394 355 380 373 338 333 292 221 176 29 66 
14 51 162 241 208 309 244 329 356 381 372 393 354 293 314 281 194 219 94 143 
111 128 209 206 245 242 287 318 311 330 289 316 313 332 291 220 175 196 65 28 
52 15 166 163 212 203 310 243 288 317 312 331 290 315 282 195 218 139 142 95 
129 110 205 210 165 168 213 286 201 170 215 284 199 172 217 140 197 174 27 64 
16 53 164 167 204 211 202 169 214 285 200 171 216 283 198 173 138 141 96 99 
109 130 55 18 107 132 57 20 105 134 59 22 103 136 61 24 101 98 63 26 
54 17 108 131 56 19 106 133 58 21 104 135 60 23 102 137 62 25 100 97 
433 33
79 40 113 2 81 42 111 4 83 44 109 6 85 46 107 8 87 12 49 10 
114 1 80 41 112 3 82 43 110 5 84 45 108 7 86 47 106 9 88 13 
39 78 149 152 155 162 185 252 165 188 183 250 167 172 181 174 169 48 11 50 
148 115 156 161 150 153 164 187 184 251 166 189 182 249 168 171 178 105 14 89 
77 38 151 154 163 186 253 282 285 344 327 280 321 190 173 180 175 170 51 104 
116 147 160 157 230 283 286 345 342 281 322 371 328 279 248 177 192 179 90 15 
37 76 229 256 159 254 341 284 377 372 343 326 323 320 191 278 247 176 103 52 
146 117 158 231 228 287 346 373 388 393 376 399 370 329 324 319 270 193 16 91 
75 36 257 288 255 340 351 378 375 398 385 394 325 318 331 316 277 246 53 102 
118 145 232 227 352 347 374 387 392 389 400 369 330 315 276 271 194 269 92 17 
35 74 289 258 339 350 379 390 397 386 381 384 395 358 317 332 245 272 101 54 
144 119 226 233 348 353 362 365 380 391 396 359 368 383 314 275 268 195 18 93 
73 34 217 290 259 338 349 354 361 364 367 382 357 310 333 312 273 244 55 100 
120 143 234 225 218 291 300 363 366 355 360 309 334 313 274 305 196 267 94 19 
33 72 219 216 235 260 337 298 293 302 335 356 307 304 311 266 243 204 99 56 
142 121 224 213 222 299 292 301 336 297 308 303 240 265 306 203 200 197 20 95 
71 32 215 220 211 236 261 294 209 238 263 296 207 202 199 242 205 96 57 98 
122 141 212 223 214 221 210 237 262 295 208 239 264 241 206 201 198 131 60 21 
31 70 139 124 29 68 137 126 27 66 135 128 25 64 133 130 23 62 97 58 
140 123 30 69 138 125 28 67 136 127 26 65 134 129 24 63 132 59 22 61 
6491 6091
59 62 21 98 95 64 19 100 93 66 17 102 91 68 15 104 89 70 13 106 
22 97 60 63 20 99 94 65 18 101 92 67 16 103 90 69 14 105 88 71 
61 58 135 96 221 228 255 266 289 262 257 268 179 260 181 172 177 174 107 12 
136 23 222 229 224 265 288 263 256 267 290 261 258 269 178 175 182 171 72 87 
57 134 225 220 227 254 307 332 351 344 305 330 291 180 259 184 173 176 11 108 
24 137 230 223 308 287 264 345 306 331 352 361 304 329 270 273 170 183 86 73 
133 56 219 226 253 346 333 350 343 362 379 376 353 292 303 294 185 272 109 10 
138 25 252 231 286 309 372 363 380 377 374 383 360 301 328 271 274 169 74 85 
55 132 285 218 347 334 349 342 373 384 381 378 375 354 293 302 295 186 9 110 
26 139 232 251 310 339 364 371 392 395 388 385 382 359 300 327 168 275 84 75 
131 54 217 284 335 348 341 396 389 398 391 394 387 400 355 318 187 296 111 8 
140 27 250 233 340 311 338 365 370 393 386 399 358 319 326 299 276 167 76 83 
53 130 239 216 283 336 247 312 397 390 367 320 325 356 317 206 297 188 7 112 
28 141 234 249 240 237 282 337 366 369 324 357 316 207 298 277 166 157 82 77 
129 52 215 238 235 248 313 246 323 280 315 368 321 278 205 158 189 80 113 6 
142 29 198 145 212 241 236 281 314 245 322 279 208 163 192 165 156 159 78 81 
51 128 143 214 197 200 211 242 195 202 209 244 193 204 161 190 79 154 5 114 
30 125 146 199 144 213 196 201 210 243 194 203 162 191 164 155 160 39 2 41 
127 50 123 32 147 48 121 34 149 46 119 36 151 44 117 38 153 42 115 4 
124 31 126 49 122 33 148 47 120 35 150 45 118 37 152 43 116 3 40 1 
588 188
5 2 7 44 81 120 41 78 83 154 39 76 85 152 37 74 87 150 35 72 
8 45 4 1 42 79 82 119 40 77 84 153 38 75 86 151 36 73 88 149 
3 6 43 80 121 118 233 252 155 264 231 254 261 186 229 188 181 184 71 34 
46 9 122 117 234 251 156 265 232 253 260 263 230 255 182 185 226 189 148 89 
123 116 235 250 157 266 303 324 271 362 301 274 259 262 187 228 183 180 33 70 
10 47 158 267 304 323 270 343 302 349 272 363 300 275 256 225 190 227 90 147 
115 124 249 236 269 344 325 348 361 342 365 350 273 258 299 276 179 224 69 32 
48 11 268 159 322 305 368 359 366 385 376 341 364 351 296 257 278 191 146 91 
125 114 237 248 345 326 347 384 377 360 389 386 375 340 277 298 223 178 31 68 
12 49 160 321 306 369 358 367 390 387 396 399 352 297 336 295 192 279 92 145 
113 126 247 238 327 346 383 378 395 400 391 388 397 374 339 334 177 222 67 30 
50 13 240 161 320 307 370 357 382 379 398 353 392 335 294 337 280 193 144 93 
127 112 207 246 239 328 319 308 371 394 355 380 373 338 333 292 221 176 29 66 
14 51 162 241 208 309 244 329 356 381 372 393 354 293 314 281 194 219 94 143 
111 128 209 206 245 242 287 318 311 330 289 316 313 332 291 220 175 196 65 28 
52 15 166 163 212 203 310 243 288 317 312 331 290 315 282 195 218 139 142 95 
129 110 205 210 165 168 213 286 201 170 215 284 199 172 217 140 197 174 27 64 
16 53 164 167 204 211 202 169 214 285 200 171 216 283 198 173 138 141 96 99 
109 130 55 18 107 132 57 20 105 134 59 22 103 136 61 24 101 98 63 26 
54 17 108 131 56 19 106 133 58 21 104 135 60 23 102 137 62 25 100 97 
433 33
